Chrom	Start	End	REL_217	REL_607	
NC_012967	0	573	44	38
NC_012967	594	969	27	24
NC_012967	971	3585	241	198
NC_012967	3586	3698	5	6
NC_012967	3719	7647	349	313
NC_012967	7659	9906	207	182
NC_012967	9907	10548	56	57
NC_012967	10552	11133	52	44
NC_012967	11156	15524	438	450
NC_012967	16599	22527	567	591
NC_012967	22530	22681	7	7
NC_012967	22682	22799	5	6
NC_012967	22803	23405	49	44
NC_012967	23413	23449	1	0
NC_012967	23922	23958	1	0
NC_012967	23982	26008	164	207
NC_012967	26009	35423	846	791
NC_012967	35442	36403	83	69
NC_012967	36423	41374	445	469
NC_012967	41380	43213	139	155
NC_012967	43218	44232	107	66
NC_012967	44245	44389	9	14
NC_012967	44393	52236	725	736
NC_012967	52238	53655	145	115
NC_012967	53658	53723	2	2
NC_012967	53724	56462	294	278
NC_012967	56464	57491	103	69
NC_012967	57514	61635	432	375
NC_012967	61666	62392	53	38
NC_012967	62393	64096	162	150
NC_012967	64100	71089	706	627
NC_012967	71095	71299	12	18
NC_012967	71305	71358	1	2
NC_012967	71371	73980	266	203
NC_012967	73992	74246	27	20
NC_012967	74270	74371	5	2
NC_012967	74377	76667	172	190
NC_012967	76679	78162	120	107
NC_012967	78170	82494	396	402
NC_012967	82496	82749	15	14
NC_012967	82762	83453	57	59
NC_012967	83457	86125	252	198
NC_012967	86149	86837	50	48
NC_012967	86843	88616	195	151
NC_012967	88633	90955	223	179
NC_012967	90972	96047	510	354
NC_012967	96061	96176	14	7
NC_012967	96183	96265	6	5
NC_012967	96267	102744	614	573
NC_012967	102759	103623	79	52
NC_012967	103628	103870	19	14
NC_012967	103877	104816	77	77
NC_012967	104817	108168	334	324
NC_012967	108182	109481	115	147
NC_012967	109496	109642	8	8
NC_012967	109654	112714	301	281
NC_012967	112725	114690	192	191
NC_012967	114695	114923	12	12
NC_012967	114937	118716	409	321
NC_012967	118720	120913	230	176
NC_012967	120915	132366	1029	1073
NC_012967	132386	138449	548	530
NC_012967	138454	140106	156	143
NC_012967	140107	140231	8	9
NC_012967	140240	150103	949	946
NC_012967	150111	150225	8	7
NC_012967	150227	160174	1012	1084
NC_012967	160179	162199	223	164
NC_012967	162200	162402	7	7
NC_012967	162403	162827	49	31
NC_012967	162837	164789	201	184
NC_012967	164796	164974	11	7
NC_012967	164978	165922	81	88
NC_012967	165931	167091	95	111
NC_012967	167103	167556	46	22
NC_012967	167589	170200	241	209
NC_012967	170202	172954	268	291
NC_012967	172957	173593	48	38
NC_012967	173603	175101	122	107
NC_012967	175109	175269	8	14
NC_012967	175276	175962	65	36
NC_012967	175968	176025	5	1
NC_012967	176029	182307	550	575
NC_012967	182310	187329	488	504
NC_012967	187331	189841	192	193
NC_012967	189851	191494	132	128
NC_012967	191514	191550	1	0
NC_012967	191553	193149	157	163
NC_012967	193151	198596	514	562
NC_012967	198629	200830	208	235
NC_012967	200832	206805	608	674
NC_012967	206840	211339	360	362
NC_012967	211343	213090	141	137
NC_012967	213111	213784	46	58
NC_012967	213790	213837	2	0
NC_012967	213838	216026	189	187
NC_012967	216044	218006	194	166
NC_012967	218011	218894	100	68
NC_012967	218922	220659	164	170
NC_012967	220667	222679	212	196
NC_012967	222680	222895	19	10
NC_012967	222905	226481	339	367
NC_012967	226493	226585	5	5
NC_012967	226588	226624	1	0
NC_012967	226885	226956	0	2
NC_012967	227028	227082	0	3
NC_012967	227150	227186	0	1
NC_012967	228394	228500	6	4
NC_012967	228503	228619	7	6
NC_012967	228622	228672	1	2
NC_012967	231839	231875	0	1
NC_012967	231877	233769	165	191
NC_012967	233770	235352	129	154
NC_012967	235353	239888	469	492
NC_012967	239889	241394	129	125
NC_012967	241917	242233	29	10
NC_012967	242238	242347	3	6
NC_012967	242361	242718	32	29
NC_012967	242719	243366	42	32
NC_012967	243387	245565	178	239
NC_012967	245569	245729	6	13
NC_012967	245735	246614	75	66
NC_012967	246623	246692	2	2
NC_012967	246711	248267	118	95
NC_012967	248268	249149	58	70
NC_012967	249160	254022	376	381
NC_012967	254026	254279	10	12
NC_012967	254288	255042	55	41
NC_012967	255043	255164	5	2
NC_012967	255166	261603	609	581
NC_012967	261613	262900	117	108
NC_012967	263423	263459	1	2
NC_012967	263464	263500	0	1
NC_012967	263501	264690	103	91
NC_012967	264694	265014	29	24
NC_012967	265035	265059	1	0
NC_012967	265070	267856	280	213
NC_012967	267857	268294	23	27
NC_012967	268302	268686	45	24
NC_012967	268697	269946	95	110
NC_012967	269956	270064	4	6
NC_012967	270087	270156	4	1
NC_012967	270162	270296	7	6
NC_012967	270300	270788	16	31
NC_012967	270791	270882	3	6
NC_012967	270890	271082	5	13
NC_012967	271092	278706	670	618
NC_012967	278712	278746	1	2
NC_012967	278749	279944	102	94
NC_012967	279947	285197	473	541
NC_012967	285203	287029	183	162
NC_012967	287046	292526	515	559
NC_012967	292527	295946	296	304
NC_012967	295948	300972	491	407
NC_012967	300986	311165	928	891
NC_012967	311167	312701	119	115
NC_012967	312705	313824	73	97
NC_012967	313825	316150	213	176
NC_012967	316173	316695	52	51
NC_012967	316705	318718	205	188
NC_012967	318721	318927	11	10
NC_012967	318946	320163	101	73
NC_012967	320174	324496	382	324
NC_012967	324505	332189	641	589
NC_012967	332190	332842	66	58
NC_012967	332844	332891	4	1
NC_012967	332893	337451	417	394
NC_012967	337452	339751	241	209
NC_012967	339752	342824	276	229
NC_012967	342835	342891	1	2
NC_012967	342904	345627	191	224
NC_012967	345633	347645	175	131
NC_012967	347647	349945	182	201
NC_012967	349946	350690	68	59
NC_012967	350697	353397	256	221
NC_012967	353888	356038	161	148
NC_012967	356047	356350	23	10
NC_012967	356351	356593	14	4
NC_012967	356600	362938	750	707
NC_012967	362941	365756	293	234
NC_012967	365761	369576	336	394
NC_012967	369582	370708	93	76
NC_012967	370717	371409	45	59
NC_012967	371430	371466	1	0
NC_012967	371470	372991	159	131
NC_012967	373002	373494	38	31
NC_012967	373496	373570	3	3
NC_012967	373574	373660	2	2
NC_012967	373666	373746	1	6
NC_012967	373748	376772	244	305
NC_012967	376801	376882	3	2
NC_012967	377400	378909	150	121
NC_012967	378911	381495	212	197
NC_012967	381510	382954	114	125
NC_012967	382961	386509	238	319
NC_012967	386524	388225	164	138
NC_012967	388226	388462	10	16
NC_012967	388463	388558	8	9
NC_012967	388562	388873	28	19
NC_012967	388880	388973	7	8
NC_012967	388975	393825	471	395
NC_012967	393827	402438	863	871
NC_012967	402439	402862	38	31
NC_012967	402867	402969	4	2
NC_012967	402972	404382	136	136
NC_012967	404385	405346	78	52
NC_012967	405359	405922	60	51
NC_012967	405928	406959	85	83
NC_012967	406965	408723	155	120
NC_012967	408725	409445	54	42
NC_012967	409449	409712	17	26
NC_012967	409721	410545	55	50
NC_012967	410556	411750	89	88
NC_012967	411755	414059	238	229
NC_012967	414065	416300	205	198
NC_012967	416303	423075	673	701
NC_012967	423079	424689	162	117
NC_012967	424698	427178	235	277
NC_012967	427183	429640	227	244
NC_012967	430686	432934	185	176
NC_012967	432953	433613	46	58
NC_012967	433617	437685	384	354
NC_012967	437706	448564	932	970
NC_012967	448571	455197	573	720
NC_012967	455200	461354	610	587
NC_012967	461357	464768	312	308
NC_012967	464782	467610	256	247
NC_012967	467618	468219	51	60
NC_012967	468227	468331	11	5
NC_012967	468338	468508	16	6
NC_012967	468525	475025	543	521
NC_012967	475054	476366	108	124
NC_012967	476370	478737	196	237
NC_012967	478740	480121	109	123
NC_012967	480122	482208	209	149
NC_012967	482210	482661	31	48
NC_012967	482662	482745	6	2
NC_012967	482747	483086	18	24
NC_012967	483088	484023	68	79
NC_012967	484024	484879	80	61
NC_012967	484881	485302	29	30
NC_012967	485338	486785	128	115
NC_012967	486788	487910	92	101
NC_012967	487919	489362	118	140
NC_012967	489370	489526	3	9
NC_012967	489529	492342	168	230
NC_012967	492356	494550	176	148
NC_012967	494551	494996	28	44
NC_012967	495000	495043	1	2
NC_012967	495049	495234	10	12
NC_012967	495236	495548	17	17
NC_012967	495565	495594	1	0
NC_012967	498174	498210	1	0
NC_012967	498303	498365	3	2
NC_012967	498369	498428	2	0
NC_012967	498435	498477	0	2
NC_012967	498803	498850	1	2
NC_012967	498864	499432	50	48
NC_012967	499433	502661	257	283
NC_012967	502669	503018	18	17
NC_012967	503037	503084	2	1
NC_012967	503088	503171	5	1
NC_012967	503184	506722	324	274
NC_012967	506723	508122	116	133
NC_012967	508134	511803	277	338
NC_012967	511813	514905	261	248
NC_012967	514916	515660	64	55
NC_012967	515663	518249	227	223
NC_012967	518272	520679	190	182
NC_012967	520686	521052	29	21
NC_012967	521053	521241	18	15
NC_012967	521242	523439	142	159
NC_012967	523443	525152	145	127
NC_012967	525162	525244	7	4
NC_012967	525268	529539	403	418
NC_012967	529549	529767	9	13
NC_012967	529769	530154	25	32
NC_012967	530155	532303	179	202
NC_012967	532310	543155	1079	999
NC_012967	543157	547056	353	387
NC_012967	547560	550723	329	322
NC_012967	550735	551021	22	35
NC_012967	551026	551301	24	10
NC_012967	551311	551831	37	49
NC_012967	551839	553473	127	107
NC_012967	554546	554571	0	1
NC_012967	554574	556970	185	216
NC_012967	556978	562470	455	466
NC_012967	562478	564394	165	131
NC_012967	564400	564527	10	6
NC_012967	564528	569104	387	431
NC_012967	569106	569214	7	4
NC_012967	569225	569297	5	2
NC_012967	569300	571157	129	177
NC_012967	571163	571723	46	39
NC_012967	571734	571757	0	1
NC_012967	571762	571807	3	1
NC_012967	571808	571860	1	2
NC_012967	571865	572222	27	27
NC_012967	572241	572380	1	10
NC_012967	572393	572429	0	1
NC_012967	572454	572501	1	2
NC_012967	572509	572656	4	6
NC_012967	572708	572781	3	0
NC_012967	572874	572956	0	3
NC_012967	572992	573296	9	20
NC_012967	573330	573350	1	0
NC_012967	573357	574018	39	54
NC_012967	574023	575646	152	142
NC_012967	575656	575965	19	15
NC_012967	575972	577319	87	108
NC_012967	577323	577444	2	9
NC_012967	577453	579954	207	220
NC_012967	579964	581966	145	133
NC_012967	581969	582092	9	7
NC_012967	582095	587015	426	454
NC_012967	587019	588640	142	126
NC_012967	589395	589682	6	26
NC_012967	590209	590852	44	51
NC_012967	591932	592119	8	9
NC_012967	592124	593021	101	74
NC_012967	593026	593072	4	2
NC_012967	593081	593632	39	40
NC_012967	593638	594708	90	65
NC_012967	594712	594910	11	10
NC_012967	594913	595007	3	7
NC_012967	595021	595982	83	71
NC_012967	595992	596969	63	81
NC_012967	596991	597604	51	51
NC_012967	597606	597695	2	3
NC_012967	597710	599410	121	116
NC_012967	599428	601064	156	130
NC_012967	601071	602373	108	139
NC_012967	602386	602948	45	60
NC_012967	602949	603238	14	10
NC_012967	603240	604626	128	101
NC_012967	604632	606543	136	129
NC_012967	606548	606627	2	5
NC_012967	606673	610310	294	279
NC_012967	610314	611574	96	98
NC_012967	611578	612302	52	48
NC_012967	612313	613335	75	64
NC_012967	613345	613408	6	2
NC_012967	613413	613744	29	16
NC_012967	613751	613888	2	7
NC_012967	613900	615283	111	114
NC_012967	615309	615362	1	3
NC_012967	615374	615830	37	26
NC_012967	615858	615926	2	5
NC_012967	615934	617433	141	125
NC_012967	617441	617463	1	0
NC_012967	617469	619231	127	183
NC_012967	619783	619841	3	0
NC_012967	619844	625401	512	511
NC_012967	625431	627124	154	141
NC_012967	627128	628044	61	84
NC_012967	628049	628840	66	54
NC_012967	628852	629701	72	56
NC_012967	629705	631507	184	162
NC_012967	631511	631950	44	35
NC_012967	631953	632858	74	75
NC_012967	632860	634082	116	81
NC_012967	634084	634120	0	1
NC_012967	634701	638687	341	349
NC_012967	638689	639427	62	63
NC_012967	639429	639730	13	26
NC_012967	639744	641817	192	173
NC_012967	641837	645829	356	378
NC_012967	645841	647693	162	148
NC_012967	647700	649607	168	168
NC_012967	649614	649690	4	5
NC_012967	649700	664763	1299	1396
NC_012967	664770	664846	1	5
NC_012967	666016	666109	5	2
NC_012967	666111	666782	64	52
NC_012967	666815	667311	26	66
NC_012967	667313	672379	493	484
NC_012967	672402	673093	28	43
NC_012967	673106	674288	118	136
NC_012967	674289	676109	141	163
NC_012967	676113	677547	114	127
NC_012967	677572	678213	30	50
NC_012967	678226	678490	17	17
NC_012967	678498	679840	117	100
NC_012967	679844	683360	314	309
NC_012967	683363	684695	115	115
NC_012967	684697	690230	424	479
NC_012967	690231	694071	314	314
NC_012967	694078	696006	171	204
NC_012967	696009	703290	658	657
NC_012967	703291	703452	10	5
NC_012967	703458	704457	56	83
NC_012967	704460	704681	15	5
NC_012967	704691	706685	156	139
NC_012967	706697	708473	143	112
NC_012967	708483	708776	16	18
NC_012967	708783	710680	158	129
NC_012967	710692	711220	40	35
NC_012967	711229	711390	5	14
NC_012967	711401	711456	1	3
NC_012967	711457	711491	1	2
NC_012967	711521	711601	3	4
NC_012967	711607	711691	7	3
NC_012967	711702	711765	4	1
NC_012967	711770	711806	1	0
NC_012967	711815	711865	1	1
NC_012967	711881	712076	6	9
NC_012967	712371	712407	0	1
NC_012967	712484	712538	0	3
NC_012967	712576	713213	40	30
NC_012967	713221	713823	37	35
NC_012967	713825	713920	5	2
NC_012967	713939	714118	12	9
NC_012967	714122	714457	25	12
NC_012967	714471	714507	1	0
NC_012967	714535	714573	1	1
NC_012967	714593	714769	9	3
NC_012967	714784	717190	176	225
NC_012967	717213	717252	1	1
NC_012967	717260	717296	0	1
NC_012967	717305	717984	46	33
NC_012967	717986	718031	2	0
NC_012967	718093	718452	27	22
NC_012967	718459	718995	41	46
NC_012967	719006	720817	190	128
NC_012967	720819	724172	272	318
NC_012967	724181	724798	53	45
NC_012967	724803	725187	29	23
NC_012967	725196	725295	5	4
NC_012967	725300	734356	845	755
NC_012967	734357	737090	224	263
NC_012967	737092	739352	192	167
NC_012967	739361	740873	143	143
NC_012967	740898	742429	132	119
NC_012967	742436	746343	381	368
NC_012967	746344	746438	9	4
NC_012967	746439	746500	4	2
NC_012967	746501	747168	55	48
NC_012967	747172	747654	44	29
NC_012967	747661	747811	13	7
NC_012967	747836	747915	4	0
NC_012967	747954	748531	26	40
NC_012967	748542	751112	227	258
NC_012967	751138	753875	246	260
NC_012967	753885	755429	166	165
NC_012967	755436	761896	573	589
NC_012967	761901	762928	68	105
NC_012967	762935	762986	0	3
NC_012967	762990	767494	403	412
NC_012967	767497	768818	136	130
NC_012967	768823	772336	282	295
NC_012967	772344	775528	287	327
NC_012967	775533	776718	114	80
NC_012967	776725	776809	7	1
NC_012967	776811	777039	12	15
NC_012967	777041	781179	397	356
NC_012967	781198	783842	242	200
NC_012967	783843	784442	40	55
NC_012967	784446	784482	1	1
NC_012967	784483	785470	78	74
NC_012967	785471	790109	386	454
NC_012967	790111	791018	99	83
NC_012967	791026	794058	245	320
NC_012967	794059	794303	16	16
NC_012967	794324	794816	37	34
NC_012967	794836	799034	338	340
NC_012967	799035	799592	43	47
NC_012967	799604	800792	91	100
NC_012967	800811	801463	48	39
NC_012967	801468	802845	128	89
NC_012967	802863	803115	21	9
NC_012967	803119	803157	0	2
NC_012967	803163	803220	2	1
NC_012967	803228	805666	180	168
NC_012967	805682	808363	179	250
NC_012967	808366	812314	399	344
NC_012967	812320	815514	288	329
NC_012967	815516	815571	3	2
NC_012967	815573	815685	6	8
NC_012967	815701	819135	283	277
NC_012967	819139	819538	23	24
NC_012967	819541	821173	138	144
NC_012967	821174	822222	98	90
NC_012967	822234	822534	17	18
NC_012967	822535	823253	65	80
NC_012967	823258	824529	91	115
NC_012967	824531	824585	2	3
NC_012967	824592	824642	1	2
NC_012967	824645	824691	2	2
NC_012967	824693	829606	455	379
NC_012967	829609	829739	11	7
NC_012967	829751	829952	15	12
NC_012967	829956	830036	3	5
NC_012967	830047	830460	30	25
NC_012967	830463	832507	168	153
NC_012967	832532	832599	1	3
NC_012967	832601	832637	0	1
NC_012967	832638	833328	53	60
NC_012967	833330	833427	5	5
NC_012967	833458	833593	6	7
NC_012967	833594	834981	117	143
NC_012967	834983	835397	30	24
NC_012967	835423	836285	63	73
NC_012967	836292	836457	11	6
NC_012967	836463	836796	15	23
NC_012967	836798	837841	87	79
NC_012967	837845	841091	239	259
NC_012967	841096	842382	102	94
NC_012967	842390	848757	589	551
NC_012967	848764	849672	95	66
NC_012967	849686	850972	129	102
NC_012967	850994	851156	4	10
NC_012967	851173	851256	2	4
NC_012967	851259	851295	0	1
NC_012967	851306	851414	3	5
NC_012967	851425	851664	13	17
NC_012967	851680	852698	88	101
NC_012967	852704	855283	238	209
NC_012967	855289	855875	39	41
NC_012967	855890	856282	26	40
NC_012967	856287	858190	126	139
NC_012967	858194	863307	435	405
NC_012967	863312	863703	28	20
NC_012967	863705	863863	15	7
NC_012967	863874	864076	24	14
NC_012967	864090	864567	41	45
NC_012967	864572	867573	258	245
NC_012967	867604	867660	2	1
NC_012967	867680	867778	3	5
NC_012967	867781	868411	81	60
NC_012967	868414	869360	78	75
NC_012967	869368	871863	210	218
NC_012967	871872	874793	214	218
NC_012967	874799	875884	84	91
NC_012967	875885	878449	212	180
NC_012967	878461	878935	32	28
NC_012967	878947	879065	7	9
NC_012967	879069	881297	219	179
NC_012967	881298	882638	124	155
NC_012967	882639	882772	5	10
NC_012967	882775	884689	178	223
NC_012967	884692	884736	1	2
NC_012967	884737	885014	24	17
NC_012967	885016	885742	74	56
NC_012967	885746	886071	17	21
NC_012967	886074	890011	420	383
NC_012967	890018	890419	26	27
NC_012967	890422	894509	375	367
NC_012967	894544	895833	97	118
NC_012967	895835	896463	45	59
NC_012967	896465	896824	34	30
NC_012967	896831	897937	86	81
NC_012967	897950	898110	10	8
NC_012967	898116	898702	54	42
NC_012967	898714	899603	85	46
NC_012967	899609	900406	63	63
NC_012967	900420	900511	6	3
NC_012967	900513	902062	143	131
NC_012967	902076	903959	153	193
NC_012967	903963	908792	421	439
NC_012967	908801	908837	0	1
NC_012967	908842	908898	1	3
NC_012967	908901	914785	487	487
NC_012967	914791	914962	9	11
NC_012967	914968	915305	28	18
NC_012967	915309	916019	57	37
NC_012967	916024	916130	4	6
NC_012967	916144	918487	193	224
NC_012967	918516	921745	267	266
NC_012967	921754	922266	35	29
NC_012967	922270	923367	88	81
NC_012967	923389	923506	10	5
NC_012967	923513	923675	9	10
NC_012967	923677	923851	11	9
NC_012967	923855	925391	102	112
NC_012967	925419	925927	35	26
NC_012967	925931	927617	128	136
NC_012967	927635	928112	37	27
NC_012967	928131	928249	6	3
NC_012967	928252	930932	252	219
NC_012967	930942	931864	91	93
NC_012967	931894	932159	13	9
NC_012967	932163	932299	8	4
NC_012967	932305	933768	137	139
NC_012967	933780	933860	5	3
NC_012967	933865	934203	24	31
NC_012967	934205	936289	152	176
NC_012967	936302	937818	127	108
NC_012967	937820	938794	75	74
NC_012967	938805	940136	118	121
NC_012967	940141	942673	215	221
NC_012967	942674	942812	3	5
NC_012967	942836	945928	305	271
NC_012967	945940	946021	8	5
NC_012967	946054	946137	4	1
NC_012967	946140	948023	184	158
NC_012967	948028	948584	44	45
NC_012967	948587	951109	235	232
NC_012967	951131	951476	16	18
NC_012967	951478	951707	15	18
NC_012967	951713	952623	76	92
NC_012967	952624	952698	1	4
NC_012967	952706	955137	196	210
NC_012967	955142	955256	3	3
NC_012967	955263	956458	93	74
NC_012967	956466	958647	191	173
NC_012967	958672	964224	483	494
NC_012967	964227	965541	103	113
NC_012967	965544	968004	259	239
NC_012967	968016	968183	7	11
NC_012967	968214	971714	323	375
NC_012967	971715	974359	221	234
NC_012967	974362	974525	9	14
NC_012967	974529	976826	179	199
NC_012967	976829	979220	209	212
NC_012967	979229	982185	302	280
NC_012967	982206	988086	560	615
NC_012967	988089	990224	187	171
NC_012967	990230	991742	118	118
NC_012967	991745	994635	237	230
NC_012967	994642	1004059	884	843
NC_012967	1004063	1005023	75	67
NC_012967	1005029	1008178	256	299
NC_012967	1008179	1012004	355	335
NC_012967	1012012	1012390	25	18
NC_012967	1012392	1013721	93	92
NC_012967	1013742	1014694	72	66
NC_012967	1014704	1014767	4	4
NC_012967	1014804	1014876	3	3
NC_012967	1014895	1016144	103	138
NC_012967	1016149	1017468	136	129
NC_012967	1017487	1018093	59	39
NC_012967	1018095	1019761	157	144
NC_012967	1019762	1020406	47	52
NC_012967	1020407	1020504	5	5
NC_012967	1020515	1021801	122	122
NC_012967	1021806	1021936	8	10
NC_012967	1021941	1024529	203	207
NC_012967	1024532	1029394	437	404
NC_012967	1029407	1030725	112	107
NC_012967	1030730	1040060	860	803
NC_012967	1040068	1042245	177	150
NC_012967	1042250	1042938	46	62
NC_012967	1042939	1045138	173	170
NC_012967	1045142	1045787	37	57
NC_012967	1045788	1046648	62	69
NC_012967	1046669	1046751	4	5
NC_012967	1046759	1046861	4	6
NC_012967	1046867	1049307	188	196
NC_012967	1049323	1050827	110	116
NC_012967	1050834	1050907	3	3
NC_012967	1050919	1050980	2	1
NC_012967	1051009	1053295	198	175
NC_012967	1053302	1054507	117	76
NC_012967	1054511	1054573	2	1
NC_012967	1054581	1057994	265	238
NC_012967	1058001	1063013	463	460
NC_012967	1063036	1063146	7	5
NC_012967	1063163	1065581	188	210
NC_012967	1065591	1069198	250	350
NC_012967	1069199	1073378	412	354
NC_012967	1073389	1074376	69	97
NC_012967	1074377	1075638	114	124
NC_012967	1075655	1079219	296	262
NC_012967	1079230	1079330	4	4
NC_012967	1079340	1079418	3	4
NC_012967	1079423	1080121	49	61
NC_012967	1080129	1080783	36	58
NC_012967	1080788	1085219	381	379
NC_012967	1085221	1085694	44	25
NC_012967	1085704	1085782	1	5
NC_012967	1085796	1087169	89	103
NC_012967	1087173	1087561	36	25
NC_012967	1087562	1087652	4	4
NC_012967	1087659	1089568	116	137
NC_012967	1089569	1090775	85	92
NC_012967	1090778	1091876	93	67
NC_012967	1091897	1093225	101	70
NC_012967	1093242	1093963	53	47
NC_012967	1093974	1094881	82	59
NC_012967	1094894	1096118	98	102
NC_012967	1096121	1097105	74	69
NC_012967	1097107	1097203	3	4
NC_012967	1097236	1098173	114	63
NC_012967	1098184	1098514	12	26
NC_012967	1098527	1099310	66	68
NC_012967	1099311	1100638	118	117
NC_012967	1100640	1102773	196	190
NC_012967	1102774	1107782	448	518
NC_012967	1107788	1108490	70	56
NC_012967	1108505	1108838	26	16
NC_012967	1108844	1110631	169	181
NC_012967	1111673	1111711	1	1
NC_012967	1111718	1111754	1	1
NC_012967	1111766	1111877	5	4
NC_012967	1111888	1111988	5	2
NC_012967	1111996	1112080	4	3
NC_012967	1112082	1112149	1	3
NC_012967	1112150	1112943	74	66
NC_012967	1112948	1115311	209	211
NC_012967	1115313	1120544	433	502
NC_012967	1120547	1129728	870	832
NC_012967	1129736	1130225	26	30
NC_012967	1130226	1130874	65	45
NC_012967	1130881	1134716	338	389
NC_012967	1134717	1135734	71	48
NC_012967	1135737	1136641	58	88
NC_012967	1136644	1138094	98	135
NC_012967	1138099	1138183	8	2
NC_012967	1138185	1139839	144	149
NC_012967	1139842	1141078	130	133
NC_012967	1141082	1141544	28	29
NC_012967	1141545	1142643	96	65
NC_012967	1142654	1143426	64	53
NC_012967	1143435	1143902	31	34
NC_012967	1143903	1145573	140	144
NC_012967	1145587	1147262	138	125
NC_012967	1147264	1151461	397	375
NC_012967	1151462	1151498	2	0
NC_012967	1151507	1151948	36	31
NC_012967	1151954	1155051	264	310
NC_012967	1155054	1155854	62	70
NC_012967	1155896	1157128	100	92
NC_012967	1157146	1157583	43	31
NC_012967	1157588	1157893	30	11
NC_012967	1157899	1159309	100	115
NC_012967	1159318	1163163	329	353
NC_012967	1163174	1164440	111	90
NC_012967	1164467	1164541	4	3
NC_012967	1164546	1166444	176	159
NC_012967	1166460	1167701	147	89
NC_012967	1167726	1167838	3	11
NC_012967	1167840	1180443	1084	1102
NC_012967	1180448	1180547	4	9
NC_012967	1180566	1181700	103	84
NC_012967	1181706	1181804	2	6
NC_012967	1181807	1184775	235	243
NC_012967	1184784	1185231	28	33
NC_012967	1185244	1185728	32	38
NC_012967	1185738	1186899	78	107
NC_012967	1186903	1188068	67	76
NC_012967	1188073	1189687	142	126
NC_012967	1189690	1190330	51	59
NC_012967	1190335	1191528	98	82
NC_012967	1191531	1193645	168	157
NC_012967	1193650	1193736	3	4
NC_012967	1193740	1193776	1	0
NC_012967	1194255	1194314	1	1
NC_012967	1194317	1195639	109	103
NC_012967	1195640	1195743	4	6
NC_012967	1195749	1196764	82	98
NC_012967	1196787	1198960	208	177
NC_012967	1198964	1200826	169	165
NC_012967	1200827	1203278	225	155
NC_012967	1203285	1203333	2	2
NC_012967	1203335	1204570	111	104
NC_012967	1204575	1205929	118	100
NC_012967	1205938	1207435	137	111
NC_012967	1207441	1209218	110	123
NC_012967	1209221	1216684	705	716
NC_012967	1216691	1226016	830	833
NC_012967	1226017	1232760	593	600
NC_012967	1232768	1233649	69	55
NC_012967	1233652	1236836	252	265
NC_012967	1236839	1236934	6	9
NC_012967	1236953	1237544	51	51
NC_012967	1237558	1238769	82	108
NC_012967	1238770	1240847	163	118
NC_012967	1240875	1241008	7	4
NC_012967	1241011	1243549	217	222
NC_012967	1243581	1245337	146	130
NC_012967	1245343	1246667	94	129
NC_012967	1246686	1246810	7	8
NC_012967	1246814	1248894	175	178
NC_012967	1248911	1249957	74	82
NC_012967	1249964	1250385	42	27
NC_012967	1250413	1251177	45	43
NC_012967	1251178	1251479	14	19
NC_012967	1251483	1254129	248	223
NC_012967	1254144	1254691	41	32
NC_012967	1254708	1254812	6	11
NC_012967	1254820	1255996	134	113
NC_012967	1255999	1260026	421	414
NC_012967	1260041	1260160	14	9
NC_012967	1260163	1260455	16	25
NC_012967	1260462	1260774	31	34
NC_012967	1260785	1264811	333	352
NC_012967	1264816	1266922	145	165
NC_012967	1266927	1268614	165	139
NC_012967	1268615	1269018	23	35
NC_012967	1269023	1269250	17	8
NC_012967	1269271	1269429	8	2
NC_012967	1269432	1269828	20	25
NC_012967	1269873	1270474	23	35
NC_012967	1270485	1270592	5	3
NC_012967	1270615	1272082	117	118
NC_012967	1272085	1275655	293	293
NC_012967	1275674	1279316	349	277
NC_012967	1279353	1280184	59	64
NC_012967	1280185	1282757	215	171
NC_012967	1282769	1283280	45	57
NC_012967	1283293	1283963	74	50
NC_012967	1283965	1284040	5	3
NC_012967	1284042	1285642	117	114
NC_012967	1285645	1285775	10	7
NC_012967	1285778	1288235	213	209
NC_012967	1288249	1289384	93	107
NC_012967	1289388	1291582	169	192
NC_012967	1291593	1295005	322	346
NC_012967	1295006	1296756	155	166
NC_012967	1296761	1296984	9	17
NC_012967	1296986	1302101	464	473
NC_012967	1302107	1308203	539	554
NC_012967	1308208	1310987	207	212
NC_012967	1310993	1311588	63	47
NC_012967	1311596	1311702	8	6
NC_012967	1311703	1312264	35	28
NC_012967	1312277	1312553	14	27
NC_012967	1312563	1314931	200	199
NC_012967	1314933	1315236	31	22
NC_012967	1315237	1316163	58	72
NC_012967	1316170	1317732	132	128
NC_012967	1317738	1317793	5	2
NC_012967	1317811	1318029	6	9
NC_012967	1318032	1318097	4	6
NC_012967	1318144	1318191	1	2
NC_012967	1318245	1318281	1	0
NC_012967	1318286	1322813	399	357
NC_012967	1322815	1322847	1	0
NC_012967	1323367	1323392	0	1
NC_012967	1323394	1324835	93	130
NC_012967	1324856	1324916	2	1
NC_012967	1324920	1325018	4	5
NC_012967	1325020	1330068	440	442
NC_012967	1330076	1331290	102	102
NC_012967	1331310	1335253	357	324
NC_012967	1335259	1336503	106	85
NC_012967	1336505	1337556	82	85
NC_012967	1337573	1339223	113	176
NC_012967	1339228	1339576	31	21
NC_012967	1339583	1341216	129	150
NC_012967	1341232	1343530	170	215
NC_012967	1343534	1344705	111	78
NC_012967	1344733	1348565	389	323
NC_012967	1348572	1348799	18	16
NC_012967	1348821	1349396	65	51
NC_012967	1349400	1351849	210	190
NC_012967	1351864	1352695	76	54
NC_012967	1352697	1354808	191	146
NC_012967	1354819	1354885	6	2
NC_012967	1354888	1356678	149	117
NC_012967	1356688	1357255	34	20
NC_012967	1357256	1357430	5	9
NC_012967	1357440	1360835	252	310
NC_012967	1360844	1360970	6	6
NC_012967	1360971	1361250	25	24
NC_012967	1361260	1361684	27	22
NC_012967	1361686	1361868	22	7
NC_012967	1361883	1362813	55	66
NC_012967	1362816	1363943	103	72
NC_012967	1363951	1364024	3	3
NC_012967	1364029	1364744	42	57
NC_012967	1364747	1366112	112	100
NC_012967	1366119	1367883	161	130
NC_012967	1367886	1371558	332	306
NC_012967	1371559	1371928	32	18
NC_012967	1371931	1373349	122	108
NC_012967	1373351	1373988	36	40
NC_012967	1373989	1374962	58	66
NC_012967	1374969	1377267	259	200
NC_012967	1377268	1382219	401	392
NC_012967	1382223	1383097	59	63
NC_012967	1383102	1383156	1	2
NC_012967	1383164	1387554	445	363
NC_012967	1387558	1390411	294	227
NC_012967	1390415	1390549	3	12
NC_012967	1390553	1391755	92	114
NC_012967	1391764	1392629	59	66
NC_012967	1392643	1394704	190	206
NC_012967	1394712	1396648	176	162
NC_012967	1396652	1399988	302	286
NC_012967	1399992	1402457	215	189
NC_012967	1402458	1402843	24	23
NC_012967	1402846	1406847	382	348
NC_012967	1406855	1410117	341	270
NC_012967	1410126	1410201	3	6
NC_012967	1410211	1412937	241	224
NC_012967	1412942	1420565	667	680
NC_012967	1420567	1420655	5	8
NC_012967	1420659	1421982	103	114
NC_012967	1422148	1424664	227	224
NC_012967	1424675	1424827	7	14
NC_012967	1424831	1425013	7	11
NC_012967	1425039	1425093	1	2
NC_012967	1425132	1425188	2	4
NC_012967	1425202	1425303	3	2
NC_012967	1425308	1425520	13	8
NC_012967	1425538	1425631	8	2
NC_012967	1425667	1425773	4	2
NC_012967	1425785	1425827	1	1
NC_012967	1425854	1425934	5	2
NC_012967	1425942	1426081	7	7
NC_012967	1426131	1426167	0	1
NC_012967	1426213	1431480	502	402
NC_012967	1431485	1431988	29	47
NC_012967	1431991	1434227	209	185
NC_012967	1434250	1435237	84	73
NC_012967	1435241	1436348	116	92
NC_012967	1436351	1439692	294	280
NC_012967	1439711	1439995	13	16
NC_012967	1440009	1440064	2	5
NC_012967	1440077	1442066	161	157
NC_012967	1442067	1442696	64	46
NC_012967	1442698	1442752	4	1
NC_012967	1443762	1445113	152	116
NC_012967	1445121	1447455	268	263
NC_012967	1447456	1448840	111	98
NC_012967	1448843	1449647	53	56
NC_012967	1449650	1450652	107	89
NC_012967	1450654	1452825	184	200
NC_012967	1452839	1458021	498	391
NC_012967	1458036	1459005	71	53
NC_012967	1459009	1460284	111	120
NC_012967	1460817	1460930	7	3
NC_012967	1460931	1464090	328	209
NC_012967	1464126	1465162	91	96
NC_012967	1465170	1467039	174	177
NC_012967	1467044	1468305	107	119
NC_012967	1468309	1469497	108	87
NC_012967	1469508	1470009	50	51
NC_012967	1470015	1474050	375	360
NC_012967	1474053	1476363	182	143
NC_012967	1476368	1478303	204	177
NC_012967	1478318	1478354	0	2
NC_012967	1478356	1480749	214	209
NC_012967	1480751	1483022	169	189
NC_012967	1483023	1484186	115	91
NC_012967	1484192	1484765	50	45
NC_012967	1484769	1484910	2	10
NC_012967	1484911	1485658	55	68
NC_012967	1485663	1486759	105	79
NC_012967	1486762	1490217	347	263
NC_012967	1490234	1490665	37	35
NC_012967	1490671	1491272	51	56
NC_012967	1491277	1495794	468	364
NC_012967	1495815	1496095	13	24
NC_012967	1496111	1496198	5	3
NC_012967	1496200	1496539	20	34
NC_012967	1496544	1498193	169	152
NC_012967	1498280	1498378	4	1
NC_012967	1498388	1498603	11	12
NC_012967	1498627	1498684	2	1
NC_012967	1498698	1498754	2	1
NC_012967	1498780	1498899	7	4
NC_012967	1498921	1499116	12	3
NC_012967	1499188	1499233	2	1
NC_012967	1499240	1500340	109	85
NC_012967	1500350	1500395	2	2
NC_012967	1503072	1503108	1	0
NC_012967	1503159	1503203	1	1
NC_012967	1503284	1503310	0	1
NC_012967	1503578	1503603	1	0
NC_012967	1503624	1503855	14	6
NC_012967	1503864	1506342	264	209
NC_012967	1506359	1506527	9	8
NC_012967	1506540	1506643	2	3
NC_012967	1506651	1506728	1	2
NC_012967	1506782	1506856	1	4
NC_012967	1506899	1511466	488	390
NC_012967	1511486	1512951	146	114
NC_012967	1512952	1513912	57	72
NC_012967	1513934	1521074	650	530
NC_012967	1521079	1521113	0	1
NC_012967	1521114	1521196	7	2
NC_012967	1521209	1521739	36	31
NC_012967	1521761	1525226	403	333
NC_012967	1525259	1526204	103	92
NC_012967	1526210	1528218	211	162
NC_012967	1528224	1531575	270	340
NC_012967	1531577	1532430	59	81
NC_012967	1532437	1533138	84	61
NC_012967	1533153	1534033	74	76
NC_012967	1534035	1534779	66	38
NC_012967	1534784	1535072	17	21
NC_012967	1535076	1535202	5	5
NC_012967	1535208	1536004	61	59
NC_012967	1536008	1537235	116	123
NC_012967	1537249	1537847	40	54
NC_012967	1537876	1537941	0	2
NC_012967	1537943	1540074	244	177
NC_012967	1540077	1540164	7	4
NC_012967	1540167	1541554	124	111
NC_012967	1541561	1541682	4	9
NC_012967	1541686	1544745	291	225
NC_012967	1544747	1544851	1	4
NC_012967	1544913	1545020	2	4
NC_012967	1545052	1545123	3	2
NC_012967	1545130	1545214	3	3
NC_012967	1545233	1545324	5	5
NC_012967	1545334	1545386	2	3
NC_012967	1545402	1545438	0	1
NC_012967	1545449	1545488	0	2
NC_012967	1545568	1547781	225	217
NC_012967	1547788	1549084	98	93
NC_012967	1549086	1550706	157	158
NC_012967	1550707	1556094	551	574
NC_012967	1556100	1557954	235	162
NC_012967	1557962	1558295	37	17
NC_012967	1558301	1560684	239	186
NC_012967	1560688	1560790	6	5
NC_012967	1560796	1561462	69	57
NC_012967	1561465	1572920	1120	1058
NC_012967	1572922	1573071	6	7
NC_012967	1573087	1573169	3	3
NC_012967	1573181	1577466	456	345
NC_012967	1577470	1580126	269	282
NC_012967	1580128	1580464	32	32
NC_012967	1580473	1580556	8	1
NC_012967	1580557	1580973	43	18
NC_012967	1580984	1582068	70	86
NC_012967	1582075	1583188	105	93
NC_012967	1583191	1585469	218	226
NC_012967	1585474	1586406	110	79
NC_012967	1586408	1589982	325	305
NC_012967	1589994	1592425	170	222
NC_012967	1592435	1592555	6	9
NC_012967	1592557	1594366	153	123
NC_012967	1594368	1599384	511	409
NC_012967	1599389	1600172	84	69
NC_012967	1600185	1600452	34	13
NC_012967	1600455	1600545	7	1
NC_012967	1600584	1600812	19	3
NC_012967	1600892	1600928	1	0
NC_012967	1600953	1601000	2	0
NC_012967	1601013	1601215	17	4
NC_012967	1601219	1601258	2	0
NC_012967	1601260	1601449	14	9
NC_012967	1601481	1601554	5	2
NC_012967	1601593	1601653	2	1
NC_012967	1601753	1601835	4	2
NC_012967	1601845	1601910	2	4
NC_012967	1601915	1601942	1	0
NC_012967	1601954	1602011	1	2
NC_012967	1602036	1602213	11	8
NC_012967	1602219	1602753	43	56
NC_012967	1602757	1604870	238	171
NC_012967	1604872	1605541	46	42
NC_012967	1605759	1606695	62	60
NC_012967	1606703	1606739	0	1
NC_012967	1607778	1607853	2	2
NC_012967	1607855	1607946	4	6
NC_012967	1607954	1608061	4	4
NC_012967	1609050	1609104	0	4
NC_012967	1609119	1612900	313	262
NC_012967	1612910	1613007	5	6
NC_012967	1613008	1615556	275	219
NC_012967	1616638	1624828	789	766
NC_012967	1624837	1625864	85	71
NC_012967	1625871	1625919	1	4
NC_012967	1625932	1630382	463	426
NC_012967	1630394	1634219	355	340
NC_012967	1634223	1635019	77	94
NC_012967	1635069	1635178	6	4
NC_012967	1635183	1642690	684	650
NC_012967	1642691	1648026	479	439
NC_012967	1648027	1651861	372	327
NC_012967	1651865	1652074	25	8
NC_012967	1652079	1652806	65	54
NC_012967	1652819	1654433	133	114
NC_012967	1654467	1654546	4	0
NC_012967	1654554	1656188	171	132
NC_012967	1656189	1656228	0	2
NC_012967	1656237	1656815	31	36
NC_012967	1656878	1657661	62	60
NC_012967	1657668	1662167	402	343
NC_012967	1662193	1662279	5	2
NC_012967	1662296	1664083	125	127
NC_012967	1664102	1664166	1	2
NC_012967	1664171	1664241	3	3
NC_012967	1664242	1665253	102	70
NC_012967	1665260	1665368	6	5
NC_012967	1665401	1665458	2	4
NC_012967	1665466	1668179	230	190
NC_012967	1668187	1670600	185	226
NC_012967	1670615	1671143	46	48
NC_012967	1671152	1675888	469	422
NC_012967	1675894	1675952	2	2
NC_012967	1675971	1676032	4	1
NC_012967	1676044	1676806	55	44
NC_012967	1676847	1681394	433	389
NC_012967	1681400	1683265	176	142
NC_012967	1683271	1683377	7	7
NC_012967	1683388	1683872	52	31
NC_012967	1683873	1685522	124	122
NC_012967	1685538	1685602	4	3
NC_012967	1685610	1686067	32	50
NC_012967	1686085	1686189	9	3
NC_012967	1686197	1686275	4	6
NC_012967	1686283	1686613	17	28
NC_012967	1686614	1687250	42	55
NC_012967	1687275	1688114	85	50
NC_012967	1688121	1691520	350	252
NC_012967	1691532	1694116	263	222
NC_012967	1694117	1694230	3	9
NC_012967	1694238	1695824	132	116
NC_012967	1695826	1696933	103	65
NC_012967	1696935	1697672	58	49
NC_012967	1697682	1699321	137	180
NC_012967	1699323	1702161	263	263
NC_012967	1702171	1702983	74	70
NC_012967	1702989	1704544	169	111
NC_012967	1704556	1705841	87	88
NC_012967	1705843	1705999	4	4
NC_012967	1706017	1706355	39	27
NC_012967	1706370	1707130	74	40
NC_012967	1707134	1710134	287	209
NC_012967	1710139	1710568	26	24
NC_012967	1710576	1710701	9	3
NC_012967	1710719	1714060	274	271
NC_012967	1714103	1717454	287	232
NC_012967	1717461	1721140	300	359
NC_012967	1721142	1721270	7	4
NC_012967	1721271	1726398	417	474
NC_012967	1726402	1730671	392	369
NC_012967	1730676	1731464	63	47
NC_012967	1731475	1737484	625	578
NC_012967	1737488	1744406	564	559
NC_012967	1744410	1745757	131	96
NC_012967	1745766	1753177	724	673
NC_012967	1753182	1755748	193	212
NC_012967	1755751	1756228	43	35
NC_012967	1756229	1758807	240	256
NC_012967	1758822	1759298	51	32
NC_012967	1759321	1759422	6	2
NC_012967	1759430	1761381	140	157
NC_012967	1761386	1762090	44	28
NC_012967	1762091	1763968	184	137
NC_012967	1763969	1769200	513	384
NC_012967	1769203	1770607	106	119
NC_012967	1770608	1772264	137	95
NC_012967	1772283	1772617	19	21
NC_012967	1772623	1775293	237	247
NC_012967	1775294	1775421	8	8
NC_012967	1775422	1778064	214	233
NC_012967	1778079	1782202	451	355
NC_012967	1782207	1783760	119	99
NC_012967	1783773	1783872	4	6
NC_012967	1783877	1787961	348	381
NC_012967	1787962	1788660	55	81
NC_012967	1788674	1792154	319	273
NC_012967	1792155	1793416	118	104
NC_012967	1793417	1795649	183	192
NC_012967	1795650	1796866	98	138
NC_012967	1796873	1797887	110	88
NC_012967	1797903	1799871	202	177
NC_012967	1799872	1800893	76	92
NC_012967	1800895	1804440	356	217
NC_012967	1804445	1806146	121	124
NC_012967	1806160	1807461	111	89
NC_012967	1807465	1808389	56	78
NC_012967	1808393	1809849	106	109
NC_012967	1809852	1810988	100	117
NC_012967	1810990	1811276	22	11
NC_012967	1811280	1811481	15	18
NC_012967	1811482	1812931	116	126
NC_012967	1812959	1813763	55	43
NC_012967	1813774	1813821	2	0
NC_012967	1813827	1815051	84	96
NC_012967	1815058	1815141	3	3
NC_012967	1815143	1815231	6	6
NC_012967	1815236	1815813	46	46
NC_012967	1815819	1818395	215	169
NC_012967	1818401	1818455	2	1
NC_012967	1818464	1820509	178	145
NC_012967	1820512	1823629	234	298
NC_012967	1823649	1824771	94	97
NC_012967	1824780	1824822	2	2
NC_012967	1824825	1826989	185	187
NC_012967	1826991	1827226	19	12
NC_012967	1827230	1829490	224	201
NC_012967	1829492	1835854	654	601
NC_012967	1835857	1836178	20	26
NC_012967	1836186	1837947	173	149
NC_012967	1837949	1839703	161	139
NC_012967	1839705	1847904	740	790
NC_012967	1847913	1851024	321	332
NC_012967	1851034	1857199	557	534
NC_012967	1858261	1858348	1	6
NC_012967	1858366	1858458	1	10
NC_012967	1858476	1859155	46	54
NC_012967	1859156	1859946	91	59
NC_012967	1859965	1860038	6	5
NC_012967	1860048	1861261	124	93
NC_012967	1861273	1863753	246	183
NC_012967	1863765	1866747	261	264
NC_012967	1866749	1868490	187	166
NC_012967	1868506	1870439	180	140
NC_012967	1870443	1871118	60	46
NC_012967	1871130	1876597	479	488
NC_012967	1876612	1878542	156	182
NC_012967	1878547	1880496	181	184
NC_012967	1880498	1883235	261	253
NC_012967	1883246	1886562	343	319
NC_012967	1886572	1890026	306	372
NC_012967	1890027	1893652	323	315
NC_012967	1893657	1894924	85	116
NC_012967	1894928	1896076	102	114
NC_012967	1896084	1896899	70	81
NC_012967	1896904	1905503	761	817
NC_012967	1905512	1906795	111	117
NC_012967	1906800	1908596	165	160
NC_012967	1908608	1910538	191	164
NC_012967	1910542	1911704	76	90
NC_012967	1911721	1911836	2	8
NC_012967	1911854	1914513	232	221
NC_012967	1914516	1914854	26	8
NC_012967	1914866	1917974	281	281
NC_012967	1917995	1922661	388	380
NC_012967	1922670	1924142	138	116
NC_012967	1924154	1924352	10	13
NC_012967	1924356	1924771	24	21
NC_012967	1924780	1925199	36	19
NC_012967	1925204	1925256	2	2
NC_012967	1925257	1929340	397	361
NC_012967	1929349	1929690	31	25
NC_012967	1929698	1934098	408	367
NC_012967	1934099	1936919	274	286
NC_012967	1936920	1937048	4	8
NC_012967	1937056	1937939	70	77
NC_012967	1937948	1938051	6	6
NC_012967	1938065	1938835	72	68
NC_012967	1938836	1941900	273	214
NC_012967	1941920	1943068	94	65
NC_012967	1943121	1943813	50	38
NC_012967	1943825	1943891	3	0
NC_012967	1943935	1944367	19	32
NC_012967	1944380	1944785	17	26
NC_012967	1944794	1945695	75	77
NC_012967	1945697	1945874	10	6
NC_012967	1945889	1945911	0	1
NC_012967	1945914	1946633	51	49
NC_012967	1946636	1946704	5	5
NC_012967	1946710	1947008	20	25
NC_012967	1947015	1947077	2	3
NC_012967	1947079	1949915	245	223
NC_012967	1949928	1951516	164	119
NC_012967	1951522	1953763	197	160
NC_012967	1953772	1955253	137	114
NC_012967	1955254	1958902	328	308
NC_012967	1958905	1962156	316	283
NC_012967	1962173	1965626	308	298
NC_012967	1965627	1966746	78	62
NC_012967	1966756	1966816	2	2
NC_012967	1966832	1966914	5	6
NC_012967	1966928	1969803	270	238
NC_012967	1969804	1972390	232	210
NC_012967	1972394	1973395	67	92
NC_012967	1973881	1973926	1	1
NC_012967	1973937	1980153	574	567
NC_012967	1980159	1980409	13	16
NC_012967	1980411	1983784	333	252
NC_012967	1983786	1986001	266	239
NC_012967	1986004	1988025	215	184
NC_012967	1988029	1989630	177	172
NC_012967	1989632	1993167	399	364
NC_012967	1993168	1995605	208	209
NC_012967	1995623	1997473	142	166
NC_012967	1997482	1999811	204	205
NC_012967	1999813	2002775	226	276
NC_012967	2002777	2003130	31	17
NC_012967	2003133	2006612	321	297
NC_012967	2006620	2007021	24	44
NC_012967	2007028	2007533	50	42
NC_012967	2007537	2010436	301	302
NC_012967	2010442	2015724	421	491
NC_012967	2015728	2016399	56	39
NC_012967	2016403	2016565	7	8
NC_012967	2016566	2019160	246	228
NC_012967	2019163	2019239	2	3
NC_012967	2019248	2020502	137	96
NC_012967	2020505	2021454	72	52
NC_012967	2021474	2021568	8	4
NC_012967	2021569	2021931	19	16
NC_012967	2021967	2023335	134	101
NC_012967	2023337	2024839	154	142
NC_012967	2024852	2028171	297	311
NC_012967	2028177	2031404	260	328
NC_012967	2031411	2031677	19	15
NC_012967	2031703	2031903	8	14
NC_012967	2031919	2032183	13	20
NC_012967	2032184	2032294	1	7
NC_012967	2032299	2032459	9	8
NC_012967	2032463	2034029	141	101
NC_012967	2034038	2034138	5	8
NC_012967	2034140	2034221	3	5
NC_012967	2034222	2034479	12	13
NC_012967	2034977	2035013	0	1
NC_012967	2035031	2035375	28	16
NC_012967	2035376	2035420	3	1
NC_012967	2035438	2035474	1	0
NC_012967	2035479	2036950	112	109
NC_012967	2036955	2037458	31	34
NC_012967	2037463	2039032	100	122
NC_012967	2039034	2039226	6	15
NC_012967	2039231	2039326	3	5
NC_012967	2039331	2039495	12	5
NC_012967	2039500	2040285	66	50
NC_012967	2040286	2041416	100	82
NC_012967	2041431	2042102	54	35
NC_012967	2042113	2042150	1	1
NC_012967	2042161	2043372	82	85
NC_012967	2043385	2049573	564	603
NC_012967	2049575	2051515	151	132
NC_012967	2051521	2051804	20	21
NC_012967	2051818	2051867	1	2
NC_012967	2051870	2052534	53	66
NC_012967	2052541	2053202	55	58
NC_012967	2053207	2053713	54	40
NC_012967	2053714	2054191	47	32
NC_012967	2054197	2055782	101	123
NC_012967	2055798	2056348	31	26
NC_012967	2056354	2057851	136	132
NC_012967	2057865	2058797	89	59
NC_012967	2058806	2058861	3	0
NC_012967	2058868	2059192	20	20
NC_012967	2059200	2059245	4	2
NC_012967	2059248	2064528	475	515
NC_012967	2064532	2064699	8	7
NC_012967	2064709	2067379	227	236
NC_012967	2067385	2070017	198	207
NC_012967	2070025	2071617	134	129
NC_012967	2071623	2075581	355	305
NC_012967	2075583	2076863	135	117
NC_012967	2076882	2077568	49	74
NC_012967	2077570	2077798	16	11
NC_012967	2077805	2079703	186	177
NC_012967	2079705	2079804	10	2
NC_012967	2079806	2079990	12	8
NC_012967	2080000	2080061	2	5
NC_012967	2080063	2080804	59	44
NC_012967	2080814	2081798	67	67
NC_012967	2081799	2082107	14	17
NC_012967	2082113	2082738	42	44
NC_012967	2082740	2082915	8	14
NC_012967	2082919	2083365	37	29
NC_012967	2083367	2084566	116	106
NC_012967	2084572	2084697	10	12
NC_012967	2084698	2087206	203	208
NC_012967	2087218	2088192	81	67
NC_012967	2088204	2088763	46	32
NC_012967	2088767	2090998	197	161
NC_012967	2091010	2091277	25	15
NC_012967	2091281	2092260	75	52
NC_012967	2092275	2093915	122	122
NC_012967	2093921	2094006	3	4
NC_012967	2094014	2094422	48	29
NC_012967	2094425	2094762	25	19
NC_012967	2094777	2095194	32	17
NC_012967	2095201	2095556	40	31
NC_012967	2095564	2096248	58	70
NC_012967	2096251	2097094	65	69
NC_012967	2097105	2099439	182	158
NC_012967	2099477	2099523	2	2
NC_012967	2099526	2103308	298	332
NC_012967	2103310	2105101	151	146
NC_012967	2105103	2105681	49	41
NC_012967	2105682	2106623	59	61
NC_012967	2106627	2108023	125	124
NC_012967	2108026	2108462	23	34
NC_012967	2108475	2108560	4	1
NC_012967	2108566	2108945	21	29
NC_012967	2108949	2109637	45	47
NC_012967	2109641	2109912	11	11
NC_012967	2109914	2111860	159	128
NC_012967	2111863	2112538	32	38
NC_012967	2112545	2112850	39	25
NC_012967	2112853	2114191	108	103
NC_012967	2114193	2114271	4	5
NC_012967	2114277	2114827	46	45
NC_012967	2114831	2114876	2	1
NC_012967	2114877	2114920	0	3
NC_012967	2114926	2115318	36	27
NC_012967	2115320	2115427	10	6
NC_012967	2115429	2116861	130	98
NC_012967	2116863	2117333	34	30
NC_012967	2117339	2123528	559	527
NC_012967	2123529	2125205	128	155
NC_012967	2125221	2128729	322	299
NC_012967	2129200	2129948	54	36
NC_012967	2129951	2134064	389	313
NC_012967	2134070	2135677	153	101
NC_012967	2135683	2137026	114	108
NC_012967	2137027	2140210	323	232
NC_012967	2140213	2141384	127	115
NC_012967	2141389	2142506	95	89
NC_012967	2142509	2143168	59	57
NC_012967	2143722	2144354	72	82
NC_012967	2144359	2148662	441	372
NC_012967	2148663	2148768	7	12
NC_012967	2148770	2150815	164	169
NC_012967	2150828	2152302	130	111
NC_012967	2152308	2153776	98	123
NC_012967	2153777	2154391	48	35
NC_012967	2154398	2157968	310	290
NC_012967	2157970	2158497	44	42
NC_012967	2158505	2158738	20	5
NC_012967	2158748	2159297	46	45
NC_012967	2159320	2159596	17	27
NC_012967	2159604	2161003	122	104
NC_012967	2161016	2161652	47	60
NC_012967	2161654	2161690	0	1
NC_012967	2161714	2162113	34	15
NC_012967	2162135	2163055	68	91
NC_012967	2163056	2164475	116	141
NC_012967	2164478	2167110	258	235
NC_012967	2167111	2168742	135	126
NC_012967	2168744	2170452	145	119
NC_012967	2170463	2170499	1	0
NC_012967	2170509	2172414	141	164
NC_012967	2172421	2173132	49	38
NC_012967	2173155	2174279	103	74
NC_012967	2174280	2175322	62	88
NC_012967	2175332	2177124	164	162
NC_012967	2177128	2177567	35	30
NC_012967	2177568	2178005	39	32
NC_012967	2178024	2178164	7	9
NC_012967	2178177	2179782	120	150
NC_012967	2179794	2180280	42	44
NC_012967	2180285	2180321	1	0
NC_012967	2180337	2180422	3	2
NC_012967	2180444	2180650	8	5
NC_012967	2180654	2182461	165	131
NC_012967	2182479	2184804	232	203
NC_012967	2184813	2186327	92	119
NC_012967	2186335	2186843	41	32
NC_012967	2186845	2191131	391	408
NC_012967	2191134	2191225	5	7
NC_012967	2191231	2196227	428	418
NC_012967	2196234	2196725	43	32
NC_012967	2196730	2197761	96	93
NC_012967	2197765	2197861	6	3
NC_012967	2197868	2201459	334	323
NC_012967	2201461	2202170	73	55
NC_012967	2202178	2204526	200	196
NC_012967	2204528	2205765	96	98
NC_012967	2205768	2206097	21	12
NC_012967	2206106	2206756	55	37
NC_012967	2206758	2209242	201	219
NC_012967	2209251	2209491	12	21
NC_012967	2209493	2211438	191	173
NC_012967	2211440	2211927	22	41
NC_012967	2211933	2212230	19	25
NC_012967	2212246	2214546	218	197
NC_012967	2214550	2215013	49	42
NC_012967	2215017	2215093	7	3
NC_012967	2215110	2216897	119	114
NC_012967	2216901	2219237	204	185
NC_012967	2219250	2219340	5	2
NC_012967	2219343	2219431	4	3
NC_012967	2219432	2220096	53	45
NC_012967	2220097	2224664	417	428
NC_012967	2224673	2225533	70	60
NC_012967	2225535	2226103	40	52
NC_012967	2226115	2226232	7	4
NC_012967	2226239	2226734	48	45
NC_012967	2226738	2228528	152	125
NC_012967	2228529	2229270	76	85
NC_012967	2229274	2230673	121	109
NC_012967	2230676	2232047	117	127
NC_012967	2232073	2233432	108	118
NC_012967	2233434	2233993	32	39
NC_012967	2234004	2234868	54	60
NC_012967	2234869	2237456	213	244
NC_012967	2237459	2237519	1	2
NC_012967	2237523	2238507	96	82
NC_012967	2238511	2241294	205	263
NC_012967	2241303	2241339	1	0
NC_012967	2241351	2243009	145	153
NC_012967	2243024	2243223	9	14
NC_012967	2243225	2244114	63	73
NC_012967	2244124	2244525	25	23
NC_012967	2244529	2246614	165	159
NC_012967	2246619	2250913	365	378
NC_012967	2250915	2251046	6	6
NC_012967	2251048	2253635	220	203
NC_012967	2253641	2254534	72	58
NC_012967	2254540	2254588	1	2
NC_012967	2254651	2254673	1	0
NC_012967	2254741	2254777	0	1
NC_012967	2254849	2254896	0	2
NC_012967	2254950	2255045	3	4
NC_012967	2255046	2255642	43	25
NC_012967	2255647	2259114	342	284
NC_012967	2259122	2262828	289	333
NC_012967	2262834	2262884	1	2
NC_012967	2263369	2273937	985	1025
NC_012967	2273956	2274553	75	63
NC_012967	2274569	2278225	374	348
NC_012967	2278232	2278306	3	7
NC_012967	2278342	2284884	607	586
NC_012967	2284887	2286474	157	135
NC_012967	2286476	2300760	1379	1241
NC_012967	2300775	2302333	108	115
NC_012967	2302347	2302453	4	6
NC_012967	2302459	2304387	169	156
NC_012967	2304389	2305826	134	129
NC_012967	2305829	2307396	174	130
NC_012967	2307407	2309346	189	153
NC_012967	2309354	2318708	855	850
NC_012967	2318713	2319568	68	70
NC_012967	2319570	2322407	273	238
NC_012967	2322425	2322512	6	10
NC_012967	2322520	2323439	70	66
NC_012967	2323444	2324481	71	94
NC_012967	2324509	2325526	79	57
NC_012967	2325528	2325913	30	19
NC_012967	2325915	2332142	551	512
NC_012967	2332151	2333731	130	125
NC_012967	2333734	2335305	175	103
NC_012967	2335316	2337772	238	199
NC_012967	2337775	2337937	9	8
NC_012967	2337941	2341474	283	303
NC_012967	2341483	2342765	93	90
NC_012967	2342770	2344254	152	112
NC_012967	2344255	2344291	1	0
NC_012967	2344292	2344415	6	4
NC_012967	2344427	2346162	157	114
NC_012967	2346169	2346333	5	12
NC_012967	2346344	2348809	208	210
NC_012967	2348813	2349223	29	34
NC_012967	2349229	2350630	157	152
NC_012967	2350632	2350692	1	4
NC_012967	2350701	2352255	169	146
NC_012967	2352276	2353076	78	53
NC_012967	2353077	2353755	54	52
NC_012967	2353757	2354014	21	7
NC_012967	2354025	2356640	204	225
NC_012967	2356656	2362122	514	509
NC_012967	2362132	2364920	244	232
NC_012967	2364924	2367622	225	239
NC_012967	2367635	2368092	34	37
NC_012967	2368097	2368224	6	16
NC_012967	2368225	2368261	1	0
NC_012967	2368276	2371038	237	277
NC_012967	2371049	2371813	52	58
NC_012967	2371821	2372024	19	12
NC_012967	2372028	2373453	119	126
NC_012967	2373456	2374761	118	124
NC_012967	2374762	2374873	9	3
NC_012967	2374875	2375089	11	9
NC_012967	2375091	2377789	262	233
NC_012967	2377791	2381301	304	322
NC_012967	2381302	2381358	2	2
NC_012967	2381360	2382473	94	99
NC_012967	2382489	2382617	8	6
NC_012967	2382632	2383289	65	59
NC_012967	2383290	2385548	221	154
NC_012967	2385549	2387567	170	137
NC_012967	2387568	2387813	22	11
NC_012967	2387819	2388643	60	65
NC_012967	2388645	2389074	24	33
NC_012967	2389075	2389636	66	33
NC_012967	2389652	2390024	26	18
NC_012967	2390051	2390511	20	36
NC_012967	2390537	2390600	1	2
NC_012967	2390619	2392706	175	166
NC_012967	2392708	2395326	229	286
NC_012967	2395331	2396759	164	174
NC_012967	2396766	2398114	131	92
NC_012967	2398133	2406661	748	765
NC_012967	2406662	2407137	32	28
NC_012967	2407140	2407548	37	29
NC_012967	2407565	2407601	0	1
NC_012967	2408089	2412217	334	386
NC_012967	2412225	2415150	251	289
NC_012967	2415154	2419068	374	421
NC_012967	2419079	2424158	457	504
NC_012967	2424166	2424285	4	9
NC_012967	2424289	2424899	48	53
NC_012967	2424901	2425648	64	55
NC_012967	2425650	2425970	37	23
NC_012967	2425985	2427336	146	123
NC_012967	2427337	2428714	139	146
NC_012967	2428717	2430778	200	199
NC_012967	2430785	2435431	393	380
NC_012967	2435432	2441059	452	444
NC_012967	2441068	2448331	685	654
NC_012967	2448333	2448559	23	13
NC_012967	2448562	2448934	38	31
NC_012967	2448938	2449032	5	3
NC_012967	2449035	2450982	182	187
NC_012967	2450986	2453968	300	259
NC_012967	2453977	2454068	6	2
NC_012967	2454076	2454969	63	92
NC_012967	2454984	2455464	59	47
NC_012967	2455468	2456957	129	124
NC_012967	2456959	2458511	144	146
NC_012967	2458513	2470540	1097	1073
NC_012967	2470550	2471306	52	58
NC_012967	2471307	2474001	249	203
NC_012967	2474024	2474654	64	50
NC_012967	2474671	2474752	1	5
NC_012967	2474753	2474930	5	8
NC_012967	2474934	2475004	0	4
NC_012967	2475026	2475164	6	3
NC_012967	2475171	2476066	68	61
NC_012967	2476077	2476418	37	24
NC_012967	2476434	2476618	7	9
NC_012967	2476624	2479847	304	314
NC_012967	2479851	2480920	97	103
NC_012967	2480934	2482067	112	85
NC_012967	2482069	2482416	30	19
NC_012967	2482431	2482837	38	39
NC_012967	2482841	2483046	18	5
NC_012967	2483049	2487144	327	282
NC_012967	2487151	2487208	3	0
NC_012967	2487217	2490440	291	264
NC_012967	2490461	2490677	8	11
NC_012967	2490678	2492061	123	97
NC_012967	2492062	2493777	101	111
NC_012967	2493793	2494970	92	71
NC_012967	2494973	2495698	59	68
NC_012967	2495707	2497441	135	142
NC_012967	2497444	2500935	303	266
NC_012967	2500948	2502079	75	84
NC_012967	2502089	2510427	832	793
NC_012967	2510432	2511101	46	60
NC_012967	2511104	2511392	22	13
NC_012967	2511394	2511502	7	2
NC_012967	2511509	2512195	51	51
NC_012967	2512204	2515386	291	294
NC_012967	2515397	2515489	8	4
NC_012967	2515490	2517820	199	160
NC_012967	2517827	2519540	171	169
NC_012967	2519553	2523292	363	318
NC_012967	2523298	2523507	13	10
NC_012967	2523545	2524366	84	67
NC_012967	2524369	2524579	18	15
NC_012967	2524581	2528816	398	348
NC_012967	2528818	2528919	8	3
NC_012967	2528931	2531265	212	197
NC_012967	2531268	2532592	128	101
NC_012967	2532597	2533775	133	113
NC_012967	2533781	2536347	192	197
NC_012967	2536348	2536461	9	3
NC_012967	2536462	2539154	241	194
NC_012967	2539180	2539276	6	7
NC_012967	2539280	2540531	86	94
NC_012967	2540575	2540948	20	17
NC_012967	2540951	2541035	3	5
NC_012967	2541051	2541168	7	5
NC_012967	2541179	2544176	264	289
NC_012967	2544178	2544776	63	37
NC_012967	2544777	2547439	240	240
NC_012967	2547447	2547504	2	2
NC_012967	2547514	2547767	15	14
NC_012967	2547770	2551355	299	338
NC_012967	2551362	2552260	104	96
NC_012967	2552267	2552906	46	46
NC_012967	2552913	2555260	233	183
NC_012967	2555273	2555571	19	21
NC_012967	2555591	2555668	4	4
NC_012967	2555678	2555794	6	8
NC_012967	2555807	2568352	1183	1095
NC_012967	2568370	2574393	526	516
NC_012967	2574412	2574476	2	4
NC_012967	2574489	2575704	105	135
NC_012967	2575705	2577242	115	137
NC_012967	2577247	2578914	154	125
NC_012967	2578916	2579277	29	14
NC_012967	2579291	2579757	40	40
NC_012967	2579762	2580296	55	35
NC_012967	2580305	2582667	247	213
NC_012967	2582671	2583401	49	69
NC_012967	2583411	2585194	175	152
NC_012967	2585196	2587558	208	180
NC_012967	2587566	2591678	348	307
NC_012967	2591693	2592378	59	61
NC_012967	2592380	2592502	8	4
NC_012967	2592503	2592654	9	4
NC_012967	2592658	2593142	44	34
NC_012967	2593145	2594262	113	115
NC_012967	2594277	2594324	3	0
NC_012967	2594335	2594382	0	2
NC_012967	2594393	2594445	4	2
NC_012967	2594451	2595380	56	68
NC_012967	2595385	2596065	63	42
NC_012967	2596080	2596147	3	1
NC_012967	2596173	2596278	4	2
NC_012967	2596295	2596363	3	3
NC_012967	2596371	2596810	45	21
NC_012967	2596818	2596942	6	4
NC_012967	2596943	2597741	72	71
NC_012967	2597744	2599438	163	134
NC_012967	2599441	2599625	11	6
NC_012967	2599638	2600039	41	42
NC_012967	2600045	2601241	73	102
NC_012967	2601245	2602486	118	106
NC_012967	2602487	2603018	45	36
NC_012967	2603027	2603191	4	7
NC_012967	2603193	2603233	2	1
NC_012967	2603248	2604767	151	125
NC_012967	2604774	2605467	53	77
NC_012967	2605476	2609310	360	341
NC_012967	2609313	2609755	34	25
NC_012967	2609763	2609814	2	3
NC_012967	2609822	2609889	2	2
NC_012967	2609897	2613377	337	306
NC_012967	2613379	2613731	49	24
NC_012967	2613740	2614617	59	63
NC_012967	2614644	2618077	268	297
NC_012967	2618140	2618173	0	1
NC_012967	2618646	2618709	3	0
NC_012967	2618712	2622775	414	384
NC_012967	2622780	2622878	4	9
NC_012967	2622890	2623852	89	68
NC_012967	2623856	2626677	233	239
NC_012967	2626705	2627427	75	74
NC_012967	2627434	2628210	65	47
NC_012967	2628216	2629002	56	91
NC_012967	2629015	2629183	13	7
NC_012967	2629200	2632791	340	279
NC_012967	2632795	2634460	172	138
NC_012967	2634462	2634548	3	5
NC_012967	2634560	2635026	27	38
NC_012967	2635032	2636620	146	168
NC_012967	2636621	2638970	217	218
NC_012967	2638974	2639778	72	65
NC_012967	2639784	2640049	13	14
NC_012967	2640067	2640194	5	9
NC_012967	2640200	2640982	60	82
NC_012967	2640985	2643169	195	163
NC_012967	2643180	2647614	440	453
NC_012967	2647643	2647679	1	0
NC_012967	2652589	2652646	4	0
NC_012967	2652691	2652743	5	1
NC_012967	2652766	2656389	347	311
NC_012967	2656391	2656516	8	7
NC_012967	2656523	2656567	3	3
NC_012967	2656571	2656614	1	3
NC_012967	2656615	2659235	250	285
NC_012967	2659237	2659536	18	14
NC_012967	2659540	2662011	247	207
NC_012967	2662013	2664378	251	254
NC_012967	2664384	2665537	86	139
NC_012967	2665542	2667956	249	249
NC_012967	2667961	2668121	7	8
NC_012967	2668134	2668235	6	3
NC_012967	2668238	2669351	99	82
NC_012967	2669361	2670363	122	114
NC_012967	2670370	2671096	80	66
NC_012967	2671099	2672367	111	118
NC_012967	2672370	2672422	1	2
NC_012967	2672426	2676614	441	384
NC_012967	2676620	2682759	596	587
NC_012967	2682798	2682895	3	2
NC_012967	2683222	2685229	172	168
NC_012967	2685230	2686008	48	57
NC_012967	2686009	2687782	116	122
NC_012967	2687783	2689154	109	98
NC_012967	2689155	2691615	176	172
NC_012967	2691616	2691914	16	18
NC_012967	2691921	2693069	67	97
NC_012967	2693071	2693228	11	5
NC_012967	2693229	2694382	105	105
NC_012967	2694394	2696652	210	153
NC_012967	2696654	2696731	2	5
NC_012967	2696750	2697178	43	30
NC_012967	2697179	2698065	68	64
NC_012967	2698075	2698371	27	40
NC_012967	2698373	2699702	120	143
NC_012967	2699708	2705291	529	413
NC_012967	2705293	2708693	345	285
NC_012967	2708703	2716049	747	763
NC_012967	2716054	2716321	19	22
NC_012967	2716323	2717848	152	129
NC_012967	2717852	2718879	107	91
NC_012967	2718881	2719361	23	43
NC_012967	2719363	2721285	170	149
NC_012967	2721299	2721394	8	3
NC_012967	2721395	2723945	249	196
NC_012967	2723946	2725639	157	139
NC_012967	2725649	2725793	13	8
NC_012967	2725807	2730748	418	407
NC_012967	2730749	2731845	101	59
NC_012967	2731846	2734100	199	198
NC_012967	2734108	2735474	78	116
NC_012967	2735497	2735596	3	3
NC_012967	2735598	2738628	308	275
NC_012967	2738650	2738713	2	2
NC_012967	2738717	2740018	94	105
NC_012967	2740027	2740859	74	74
NC_012967	2740872	2744498	332	268
NC_012967	2744505	2749077	459	354
NC_012967	2749079	2752644	367	278
NC_012967	2752646	2753243	46	31
NC_012967	2753252	2753978	51	45
NC_012967	2753981	2754436	27	34
NC_012967	2754438	2757634	328	327
NC_012967	2757652	2758969	141	122
NC_012967	2758972	2760734	177	192
NC_012967	2760742	2768952	715	731
NC_012967	2768959	2772946	370	361
NC_012967	2772949	2773018	1	2
NC_012967	2774041	2774576	54	56
NC_012967	2775732	2777474	158	127
NC_012967	2777477	2777926	44	40
NC_012967	2777933	2778559	50	40
NC_012967	2778560	2779065	29	42
NC_012967	2779066	2779337	25	15
NC_012967	2779339	2780723	111	134
NC_012967	2780725	2780836	5	7
NC_012967	2780837	2782127	122	81
NC_012967	2782135	2782590	34	29
NC_012967	2782624	2787331	410	395
NC_012967	2787337	2788732	104	117
NC_012967	2788736	2788843	7	8
NC_012967	2788853	2789176	21	21
NC_012967	2789177	2793468	416	387
NC_012967	2793474	2793796	35	34
NC_012967	2793800	2794611	72	66
NC_012967	2794621	2795466	92	81
NC_012967	2795486	2805982	1126	1048
NC_012967	2805988	2817169	1028	992
NC_012967	2817175	2820159	357	291
NC_012967	2820168	2822321	195	162
NC_012967	2822838	2822907	5	2
NC_012967	2822930	2823416	43	38
NC_012967	2823425	2823933	25	35
NC_012967	2823958	2825265	170	120
NC_012967	2825287	2826069	84	81
NC_012967	2826075	2829517	296	332
NC_012967	2829520	2830657	92	90
NC_012967	2830662	2835920	480	497
NC_012967	2835933	2839061	247	265
NC_012967	2839067	2839957	90	53
NC_012967	2839959	2840831	65	67
NC_012967	2840838	2840910	6	6
NC_012967	2840921	2842395	103	106
NC_012967	2842403	2843508	109	103
NC_012967	2843514	2844011	53	48
NC_012967	2844013	2846014	188	176
NC_012967	2846016	2847787	157	139
NC_012967	2847790	2848702	70	90
NC_012967	2848706	2849485	53	64
NC_012967	2849488	2859424	952	946
NC_012967	2859430	2864919	481	517
NC_012967	2864924	2869596	414	401
NC_012967	2869601	2872741	287	296
NC_012967	2872742	2873682	53	94
NC_012967	2873705	2874210	40	42
NC_012967	2874211	2874791	47	46
NC_012967	2874811	2874867	1	4
NC_012967	2874872	2876999	197	172
NC_012967	2877007	2880520	326	324
NC_012967	2880547	2882714	204	214
NC_012967	2882725	2882826	4	6
NC_012967	2883896	2884650	51	48
NC_012967	2884657	2885997	141	150
NC_012967	2885998	2886273	14	10
NC_012967	2886278	2886370	5	5
NC_012967	2886371	2887348	72	70
NC_012967	2887373	2888470	111	98
NC_012967	2888471	2890284	185	159
NC_012967	2890292	2890381	9	2
NC_012967	2890384	2890586	16	13
NC_012967	2890596	2895193	479	467
NC_012967	2895196	2896442	106	109
NC_012967	2896444	2896788	47	28
NC_012967	2896817	2897044	19	13
NC_012967	2897045	2900052	238	261
NC_012967	2900059	2901783	186	154
NC_012967	2901789	2904671	285	282
NC_012967	2904679	2906529	196	177
NC_012967	2906540	2911555	499	504
NC_012967	2911559	2913457	203	175
NC_012967	2913462	2914887	115	127
NC_012967	2914890	2917480	228	256
NC_012967	2917494	2917553	6	6
NC_012967	2917560	2918445	93	78
NC_012967	2918466	2918698	13	16
NC_012967	2918700	2921531	272	280
NC_012967	2921539	2924128	233	228
NC_012967	2924131	2924506	35	22
NC_012967	2924532	2925321	74	80
NC_012967	2925342	2927727	240	172
NC_012967	2927728	2928425	45	41
NC_012967	2928436	2939178	1019	951
NC_012967	2939182	2939455	14	17
NC_012967	2939457	2940099	60	57
NC_012967	2940108	2942419	249	190
NC_012967	2942420	2949113	608	598
NC_012967	2949116	2951897	255	229
NC_012967	2951898	2952067	13	24
NC_012967	2952069	2952793	54	71
NC_012967	2952795	2955889	311	274
NC_012967	2955915	2961629	620	562
NC_012967	2961636	2964962	328	272
NC_012967	2964966	2965080	1	4
NC_012967	2965088	2965309	19	15
NC_012967	2965311	2968171	324	267
NC_012967	2968180	2970950	259	266
NC_012967	2970958	2974757	368	357
NC_012967	2974760	2979786	502	477
NC_012967	2979793	2980969	104	89
NC_012967	2980995	2981095	3	9
NC_012967	2981102	2981982	77	81
NC_012967	2981986	2982098	12	7
NC_012967	2982104	2982839	57	50
NC_012967	2982845	2983993	96	89
NC_012967	2983994	2985311	97	116
NC_012967	2985344	2988371	291	309
NC_012967	2988386	2989330	68	58
NC_012967	2989333	2989496	6	10
NC_012967	2989499	2990923	137	121
NC_012967	2990926	2992483	147	173
NC_012967	2992486	2998872	581	602
NC_012967	2998876	2998984	5	6
NC_012967	2998993	3001193	191	159
NC_012967	3001207	3002031	74	43
NC_012967	3002033	3006232	391	423
NC_012967	3006239	3008346	191	132
NC_012967	3008350	3009566	100	95
NC_012967	3009573	3013195	340	322
NC_012967	3013199	3014644	140	119
NC_012967	3014646	3014745	5	4
NC_012967	3014754	3017127	269	211
NC_012967	3017129	3019397	208	215
NC_012967	3019437	3022739	328	293
NC_012967	3022743	3024101	113	105
NC_012967	3024590	3024991	28	31
NC_012967	3024992	3029278	432	458
NC_012967	3029282	3033398	373	348
NC_012967	3033399	3033889	29	41
NC_012967	3033892	3034868	94	64
NC_012967	3034872	3036269	117	122
NC_012967	3036276	3036665	33	18
NC_012967	3036669	3040335	394	287
NC_012967	3040349	3040428	4	6
NC_012967	3040444	3042806	254	212
NC_012967	3042813	3047754	450	434
NC_012967	3047763	3047794	1	0
NC_012967	3047801	3047860	1	4
NC_012967	3047862	3050313	228	212
NC_012967	3050316	3050444	3	5
NC_012967	3050446	3050808	30	36
NC_012967	3050813	3051473	45	47
NC_012967	3051512	3053152	134	120
NC_012967	3053154	3054611	135	107
NC_012967	3054623	3057083	275	245
NC_012967	3057084	3058858	153	138
NC_012967	3058864	3060580	128	133
NC_012967	3060586	3061166	41	29
NC_012967	3061170	3061416	22	23
NC_012967	3061418	3064504	272	325
NC_012967	3064510	3078308	1439	1307
NC_012967	3078315	3078473	12	9
NC_012967	3078478	3081085	242	233
NC_012967	3081110	3081274	6	15
NC_012967	3081284	3082435	88	129
NC_012967	3082440	3083082	55	66
NC_012967	3083108	3084639	154	160
NC_012967	3084642	3091513	691	600
NC_012967	3091516	3095825	343	356
NC_012967	3095828	3096507	50	68
NC_012967	3096516	3097541	95	82
NC_012967	3097557	3099014	134	120
NC_012967	3099016	3105104	602	646
NC_012967	3105111	3105209	6	8
NC_012967	3105239	3106994	151	180
NC_012967	3106997	3109968	334	284
NC_012967	3109976	3113102	295	322
NC_012967	3113103	3117335	407	415
NC_012967	3117339	3119130	167	169
NC_012967	3119141	3119222	2	11
NC_012967	3119227	3122853	369	354
NC_012967	3122859	3123760	98	104
NC_012967	3123762	3123918	12	13
NC_012967	3123922	3124268	36	39
NC_012967	3124277	3126604	218	232
NC_012967	3126608	3127402	83	57
NC_012967	3127403	3130812	343	295
NC_012967	3130816	3133102	198	183
NC_012967	3133107	3133444	25	29
NC_012967	3133452	3135896	230	225
NC_012967	3135899	3136963	73	65
NC_012967	3136967	3140733	322	336
NC_012967	3140739	3145714	460	411
NC_012967	3145715	3147584	216	182
NC_012967	3147585	3148902	92	106
NC_012967	3148918	3148957	3	3
NC_012967	3148963	3149695	75	70
NC_012967	3149698	3149818	8	6
NC_012967	3149820	3152960	274	253
NC_012967	3152972	3155169	193	174
NC_012967	3155175	3155255	2	5
NC_012967	3155259	3155849	40	27
NC_012967	3155851	3158581	293	247
NC_012967	3158582	3163818	486	467
NC_012967	3163825	3164845	69	81
NC_012967	3164849	3165552	49	46
NC_012967	3165568	3166476	80	93
NC_012967	3166477	3166844	31	36
NC_012967	3166847	3167165	23	23
NC_012967	3167175	3167515	24	21
NC_012967	3167517	3168167	53	63
NC_012967	3168174	3168450	28	17
NC_012967	3168458	3168666	20	3
NC_012967	3168667	3169872	100	148
NC_012967	3169874	3174026	433	334
NC_012967	3174030	3175132	78	86
NC_012967	3175141	3178758	327	344
NC_012967	3178765	3181222	246	235
NC_012967	3181226	3181477	22	15
NC_012967	3181478	3181977	40	56
NC_012967	3181978	3182331	21	44
NC_012967	3182334	3182592	22	18
NC_012967	3182595	3186815	378	366
NC_012967	3186847	3187162	16	17
NC_012967	3187163	3189562	226	171
NC_012967	3189569	3190106	43	53
NC_012967	3190108	3190133	0	1
NC_012967	3190135	3191086	65	90
NC_012967	3191089	3191628	58	51
NC_012967	3191630	3191744	4	9
NC_012967	3191754	3194676	337	239
NC_012967	3194681	3198353	326	399
NC_012967	3198376	3199610	132	152
NC_012967	3199614	3202066	251	207
NC_012967	3202067	3203886	165	118
NC_012967	3203908	3205211	81	112
NC_012967	3205216	3205642	26	43
NC_012967	3205670	3205761	2	6
NC_012967	3205773	3205850	1	3
NC_012967	3205855	3209344	295	313
NC_012967	3209346	3212016	250	273
NC_012967	3212020	3212249	10	12
NC_012967	3212262	3212306	3	1
NC_012967	3212309	3214507	177	169
NC_012967	3214510	3219065	455	395
NC_012967	3219093	3219170	2	5
NC_012967	3219179	3220379	86	112
NC_012967	3220397	3220472	6	2
NC_012967	3220481	3220767	17	27
NC_012967	3220771	3224841	370	414
NC_012967	3224845	3226539	185	199
NC_012967	3226541	3232824	572	574
NC_012967	3232829	3234910	158	174
NC_012967	3234913	3235388	44	39
NC_012967	3235397	3235477	5	3
NC_012967	3235480	3240220	402	416
NC_012967	3240235	3240592	33	28
NC_012967	3240595	3242642	181	193
NC_012967	3242656	3245318	316	271
NC_012967	3245321	3246619	120	154
NC_012967	3246623	3247291	60	54
NC_012967	3247302	3247873	44	42
NC_012967	3247876	3248328	43	25
NC_012967	3248337	3252360	424	399
NC_012967	3252364	3255271	303	300
NC_012967	3255272	3258618	346	346
NC_012967	3258622	3260297	158	125
NC_012967	3260300	3261752	160	110
NC_012967	3261756	3262256	54	67
NC_012967	3262257	3264010	167	178
NC_012967	3264040	3264131	8	7
NC_012967	3264133	3265398	109	114
NC_012967	3265413	3266938	133	144
NC_012967	3266941	3268495	145	140
NC_012967	3268508	3272358	344	376
NC_012967	3272359	3272532	18	16
NC_012967	3272534	3272659	8	8
NC_012967	3272665	3272715	1	2
NC_012967	3272720	3274845	219	174
NC_012967	3274854	3279197	478	422
NC_012967	3279207	3284645	547	560
NC_012967	3284646	3285939	102	109
NC_012967	3285943	3288409	226	259
NC_012967	3288411	3290398	186	192
NC_012967	3290405	3290697	19	18
NC_012967	3290702	3291151	35	30
NC_012967	3291152	3296357	527	416
NC_012967	3296360	3298059	143	151
NC_012967	3298062	3299365	121	96
NC_012967	3299370	3299462	7	7
NC_012967	3299465	3299952	42	36
NC_012967	3299955	3300134	8	11
NC_012967	3300138	3306447	645	568
NC_012967	3306451	3313063	663	631
NC_012967	3313066	3314082	106	98
NC_012967	3314097	3314219	12	3
NC_012967	3314230	3315204	112	51
NC_012967	3315217	3316531	129	130
NC_012967	3316532	3319168	258	213
NC_012967	3319179	3319302	5	8
NC_012967	3319303	3321484	233	207
NC_012967	3321485	3321568	4	6
NC_012967	3321569	3322306	53	98
NC_012967	3322310	3322574	19	12
NC_012967	3322577	3322685	10	3
NC_012967	3322698	3323362	56	56
NC_012967	3323372	3326359	276	283
NC_012967	3326377	3327330	72	46
NC_012967	3327334	3328146	70	63
NC_012967	3328147	3334296	641	596
NC_012967	3334310	3335751	134	113
NC_012967	3335756	3337813	204	166
NC_012967	3337814	3338932	127	98
NC_012967	3338933	3341374	234	273
NC_012967	3341375	3341481	2	5
NC_012967	3341484	3342153	59	68
NC_012967	3342154	3342825	64	74
NC_012967	3342838	3343800	92	95
NC_012967	3343811	3346173	218	246
NC_012967	3346175	3346478	28	16
NC_012967	3346482	3351301	460	475
NC_012967	3351310	3351697	20	19
NC_012967	3351746	3351794	1	3
NC_012967	3354148	3354222	1	3
NC_012967	3354258	3354323	1	6
NC_012967	3354366	3354439	0	4
NC_012967	3354509	3354545	0	2
NC_012967	3356444	3356483	2	0
NC_012967	3356564	3356602	2	0
NC_012967	3356751	3360937	483	416
NC_012967	3360938	3367458	662	735
NC_012967	3367465	3369944	273	266
NC_012967	3369946	3372156	262	217
NC_012967	3372157	3373843	150	152
NC_012967	3373845	3385627	1209	1281
NC_012967	3385628	3385794	7	10
NC_012967	3385795	3386329	44	44
NC_012967	3386335	3388998	250	230
NC_012967	3388999	3397680	830	858
NC_012967	3397685	3397794	6	5
NC_012967	3397800	3398105	16	15
NC_012967	3398138	3398208	2	2
NC_012967	3398247	3398315	3	7
NC_012967	3398329	3398405	2	5
NC_012967	3398622	3398658	1	0
NC_012967	3398703	3398780	3	4
NC_012967	3398800	3398877	5	8
NC_012967	3398886	3398914	0	1
NC_012967	3398920	3405755	728	771
NC_012967	3405762	3408522	246	230
NC_012967	3408526	3409254	48	42
NC_012967	3409255	3410253	86	84
NC_012967	3410255	3410372	4	5
NC_012967	3410382	3411661	106	105
NC_012967	3411664	3412296	54	61
NC_012967	3412299	3412704	28	19
NC_012967	3412708	3415292	253	282
NC_012967	3415294	3415994	62	42
NC_012967	3415998	3416591	46	68
NC_012967	3416596	3420733	423	361
NC_012967	3420738	3421776	105	81
NC_012967	3421787	3422354	53	67
NC_012967	3422360	3422843	61	41
NC_012967	3422846	3425796	282	280
NC_012967	3425802	3426376	56	47
NC_012967	3426377	3428018	117	138
NC_012967	3428020	3430347	195	185
NC_012967	3430383	3431008	62	46
NC_012967	3431009	3432941	172	170
NC_012967	3432951	3433502	54	49
NC_012967	3433504	3433550	0	3
NC_012967	3434136	3438190	377	369
NC_012967	3438202	3439239	88	94
NC_012967	3439241	3442596	302	333
NC_012967	3442603	3443121	51	45
NC_012967	3443125	3446619	358	346
NC_012967	3446624	3446755	5	7
NC_012967	3446764	3447452	71	61
NC_012967	3447478	3451099	334	328
NC_012967	3451115	3451215	5	3
NC_012967	3451216	3451804	56	69
NC_012967	3451806	3454102	244	168
NC_012967	3454104	3455801	167	155
NC_012967	3455806	3458477	248	257
NC_012967	3458492	3458757	24	27
NC_012967	3458778	3460205	159	138
NC_012967	3460215	3471616	1107	1006
NC_012967	3471622	3473932	217	269
NC_012967	3473946	3475025	116	98
NC_012967	3475030	3479295	428	383
NC_012967	3479296	3480304	84	71
NC_012967	3480320	3480486	16	5
NC_012967	3480489	3481464	109	78
NC_012967	3481465	3482603	127	104
NC_012967	3482606	3482683	4	2
NC_012967	3482689	3483426	61	67
NC_012967	3483429	3484598	99	100
NC_012967	3484610	3487594	256	237
NC_012967	3487624	3489069	139	120
NC_012967	3489070	3491820	268	240
NC_012967	3491823	3498122	552	600
NC_012967	3498130	3503818	604	493
NC_012967	3503821	3508031	369	389
NC_012967	3508065	3513624	547	548
NC_012967	3513625	3514037	44	34
NC_012967	3514039	3514595	36	31
NC_012967	3514604	3522669	662	637
NC_012967	3522670	3524435	165	180
NC_012967	3524437	3524549	11	6
NC_012967	3524551	3525633	94	86
NC_012967	3525658	3526028	21	15
NC_012967	3526035	3526305	14	12
NC_012967	3526312	3526396	3	3
NC_012967	3526413	3534820	817	726
NC_012967	3534827	3537851	312	273
NC_012967	3537860	3538566	27	45
NC_012967	3538595	3538644	3	1
NC_012967	3538691	3541247	257	208
NC_012967	3541279	3541344	1	2
NC_012967	3541354	3541390	0	1
NC_012967	3541393	3541429	0	1
NC_012967	3541454	3545145	295	359
NC_012967	3545146	3545250	6	9
NC_012967	3545260	3547523	233	191
NC_012967	3547528	3547933	31	20
NC_012967	3547940	3549930	169	141
NC_012967	3549935	3550093	5	5
NC_012967	3550157	3550193	0	1
NC_012967	3551177	3551450	17	5
NC_012967	3551464	3551524	1	3
NC_012967	3552161	3552211	1	1
NC_012967	3552224	3552469	18	12
NC_012967	3552485	3552622	11	2
NC_012967	3552656	3552732	5	1
NC_012967	3552779	3552837	2	1
NC_012967	3552924	3552960	2	0
NC_012967	3553030	3553083	2	0
NC_012967	3553112	3553158	1	1
NC_012967	3553234	3553273	2	2
NC_012967	3553378	3555149	167	162
NC_012967	3555167	3555261	6	2
NC_012967	3555279	3555331	2	1
NC_012967	3555470	3555529	1	2
NC_012967	3555569	3555784	11	10
NC_012967	3555800	3568495	1295	1128
NC_012967	3568506	3571638	292	279
NC_012967	3571647	3571768	9	7
NC_012967	3571770	3573214	121	144
NC_012967	3573217	3574265	82	55
NC_012967	3574270	3574879	51	61
NC_012967	3574892	3577941	271	245
NC_012967	3577950	3580507	260	254
NC_012967	3580509	3580582	2	4
NC_012967	3580601	3581137	50	29
NC_012967	3581141	3581721	46	55
NC_012967	3581733	3581916	6	12
NC_012967	3581919	3584497	289	212
NC_012967	3584515	3595819	1156	970
NC_012967	3595845	3595920	2	3
NC_012967	3595968	3596004	0	1
NC_012967	3596011	3596096	2	3
NC_012967	3596130	3596221	5	6
NC_012967	3596229	3596288	2	3
NC_012967	3596324	3596400	5	6
NC_012967	3596409	3596504	5	6
NC_012967	3596523	3596559	1	0
NC_012967	3596726	3600870	411	372
NC_012967	3600877	3604697	378	314
NC_012967	3604704	3609211	391	425
NC_012967	3609218	3610925	153	178
NC_012967	3610930	3611077	8	7
NC_012967	3611107	3615183	362	395
NC_012967	3615185	3615222	3	1
NC_012967	3615224	3617100	170	140
NC_012967	3617105	3617805	57	52
NC_012967	3617818	3625423	705	657
NC_012967	3625428	3625542	3	9
NC_012967	3625543	3626841	136	106
NC_012967	3626844	3626904	2	3
NC_012967	3626906	3627686	93	72
NC_012967	3627687	3628694	71	79
NC_012967	3628697	3628845	10	5
NC_012967	3628849	3629433	48	46
NC_012967	3629447	3630531	88	52
NC_012967	3630534	3630641	8	4
NC_012967	3630658	3631218	29	43
NC_012967	3631219	3632881	157	142
NC_012967	3632891	3634059	82	96
NC_012967	3634060	3635430	145	116
NC_012967	3635435	3635832	54	33
NC_012967	3635833	3636816	101	99
NC_012967	3636818	3636939	5	12
NC_012967	3636948	3644727	760	707
NC_012967	3644731	3651236	616	561
NC_012967	3652392	3655617	298	256
NC_012967	3655625	3657025	160	132
NC_012967	3657029	3658619	156	177
NC_012967	3658622	3658751	15	5
NC_012967	3658757	3670793	1294	1246
NC_012967	3670801	3674993	395	398
NC_012967	3675006	3678772	345	312
NC_012967	3678788	3680952	194	177
NC_012967	3680954	3682557	141	144
NC_012967	3682569	3683969	141	184
NC_012967	3683988	3685460	170	126
NC_012967	3685479	3688233	221	271
NC_012967	3688235	3688488	28	16
NC_012967	3688500	3688616	9	7
NC_012967	3688618	3689995	107	115
NC_012967	3690018	3690109	4	4
NC_012967	3690110	3690930	71	69
NC_012967	3690931	3692686	166	159
NC_012967	3692701	3695019	206	187
NC_012967	3695025	3696494	129	138
NC_012967	3696501	3696597	6	3
NC_012967	3696607	3697023	35	23
NC_012967	3697055	3697164	6	2
NC_012967	3697179	3697215	0	1
NC_012967	3698165	3698201	2	0
NC_012967	3698207	3698243	1	0
NC_012967	3698246	3698428	9	4
NC_012967	3698443	3698539	3	0
NC_012967	3699115	3699197	4	2
NC_012967	3699236	3699333	8	3
NC_012967	3699343	3699473	8	3
NC_012967	3699475	3699564	7	5
NC_012967	3699569	3699605	1	0
NC_012967	3699640	3699719	2	2
NC_012967	3699737	3699784	2	0
NC_012967	3699794	3699842	1	3
NC_012967	3699846	3700028	6	9
NC_012967	3700045	3700124	0	3
NC_012967	3700235	3700278	0	2
NC_012967	3700321	3700460	1	4
NC_012967	3700462	3701957	154	130
NC_012967	3701972	3702064	2	7
NC_012967	3702078	3706152	386	383
NC_012967	3706157	3708407	223	222
NC_012967	3708418	3711535	285	320
NC_012967	3711537	3725115	1428	1383
NC_012967	3725121	3725879	80	57
NC_012967	3725903	3728750	273	212
NC_012967	3728761	3732433	362	309
NC_012967	3732434	3733590	133	107
NC_012967	3733606	3740015	613	532
NC_012967	3740016	3741334	109	106
NC_012967	3741850	3742494	53	49
NC_012967	3742508	3746762	418	413
NC_012967	3746771	3747565	79	66
NC_012967	3747567	3750749	321	288
NC_012967	3750750	3753400	235	262
NC_012967	3753403	3754053	48	67
NC_012967	3754054	3757594	302	352
NC_012967	3757598	3758447	58	57
NC_012967	3758469	3760111	148	151
NC_012967	3760113	3761174	86	92
NC_012967	3761181	3763805	221	205
NC_012967	3763826	3764118	22	23
NC_012967	3764120	3764197	2	6
NC_012967	3764199	3767166	281	264
NC_012967	3767170	3768744	152	161
NC_012967	3768752	3784079	1685	1582
NC_012967	3784099	3784347	8	24
NC_012967	3784363	3784408	1	2
NC_012967	3784418	3784454	0	1
NC_012967	3784456	3784628	14	6
NC_012967	3784635	3785139	46	34
NC_012967	3785141	3789728	498	502
NC_012967	3789730	3796629	733	701
NC_012967	3796641	3796923	26	12
NC_012967	3796925	3803375	601	561
NC_012967	3803386	3803473	2	5
NC_012967	3803494	3807425	367	316
NC_012967	3807448	3807470	1	0
NC_012967	3807485	3807532	3	2
NC_012967	3807540	3808021	44	33
NC_012967	3808026	3809884	164	165
NC_012967	3809894	3810183	18	19
NC_012967	3810188	3810573	35	29
NC_012967	3810588	3812479	149	165
NC_012967	3812483	3814054	155	151
NC_012967	3814060	3814082	1	0
NC_012967	3814109	3814496	36	25
NC_012967	3814525	3814642	7	5
NC_012967	3814648	3814823	10	10
NC_012967	3814828	3815350	53	37
NC_012967	3815355	3816672	116	89
NC_012967	3816677	3817873	126	103
NC_012967	3817875	3818426	59	29
NC_012967	3818443	3818918	44	25
NC_012967	3818938	3821251	181	202
NC_012967	3821253	3830281	864	853
NC_012967	3830289	3830430	8	7
NC_012967	3830439	3831185	88	47
NC_012967	3831188	3831310	4	8
NC_012967	3831316	3833087	143	143
NC_012967	3833095	3834244	89	96
NC_012967	3834246	3838154	385	414
NC_012967	3838172	3838275	7	7
NC_012967	3838278	3840257	217	185
NC_012967	3840259	3841936	147	157
NC_012967	3841943	3845579	398	281
NC_012967	3845584	3849456	376	334
NC_012967	3849460	3850019	80	54
NC_012967	3850025	3851160	146	117
NC_012967	3851172	3854692	377	330
NC_012967	3854694	3854798	7	8
NC_012967	3854802	3855714	101	52
NC_012967	3855723	3859918	454	420
NC_012967	3859936	3861882	174	192
NC_012967	3861893	3863652	194	191
NC_012967	3863664	3863700	0	1
NC_012967	3863707	3863750	1	1
NC_012967	3863761	3865059	137	112
NC_012967	3865061	3873412	856	747
NC_012967	3873414	3880845	797	822
NC_012967	3880848	3883401	259	271
NC_012967	3883412	3886719	313	304
NC_012967	3886735	3893678	676	667
NC_012967	3894856	3895788	0	130
NC_012967	3895791	3895827	0	1
NC_012967	3895832	3895930	0	8
NC_012967	3895951	3896335	0	32
NC_012967	3896337	3896648	0	34
NC_012967	3896670	3897329	1	88
NC_012967	3897336	3897418	0	6
NC_012967	3897462	3897515	0	6
NC_012967	3897532	3897844	0	25
NC_012967	3897876	3897903	0	1
NC_012967	3897906	3898271	0	31
NC_012967	3898281	3898514	0	30
NC_012967	3898518	3898625	0	9
NC_012967	3898642	3898719	0	3
NC_012967	3898757	3898915	0	13
NC_012967	3898937	3899035	0	7
NC_012967	3899038	3899169	0	7
NC_012967	3899173	3899610	0	50
NC_012967	3899637	3900366	0	72
NC_012967	3900377	3901784	0	158
NC_012967	3901795	3901878	0	10
NC_012967	3901890	3903314	139	122
NC_012967	3903316	3903408	3	3
NC_012967	3903430	3903493	2	5
NC_012967	3903552	3903608	1	3
NC_012967	3908483	3908519	0	1
NC_012967	3908550	3908586	1	0
NC_012967	3908606	3908642	0	1
NC_012967	3908657	3908693	1	1
NC_012967	3908695	3910635	200	226
NC_012967	3910656	3911430	73	68
NC_012967	3911447	3917442	604	549
NC_012967	3917445	3918585	99	67
NC_012967	3918599	3921377	252	207
NC_012967	3921396	3924329	300	292
NC_012967	3924331	3924397	3	1
NC_012967	3924416	3925006	59	63
NC_012967	3925013	3933205	863	777
NC_012967	3933206	3934022	66	58
NC_012967	3934025	3934806	61	68
NC_012967	3934823	3935462	60	50
NC_012967	3935465	3935565	7	7
NC_012967	3935570	3937036	144	104
NC_012967	3937038	3939424	185	203
NC_012967	3939425	3941648	226	190
NC_012967	3941651	3942049	37	29
NC_012967	3942071	3944434	248	198
NC_012967	3944437	3944531	3	8
NC_012967	3944551	3947776	357	308
NC_012967	3947790	3950817	307	268
NC_012967	3950818	3950912	5	3
NC_012967	3950914	3957271	619	651
NC_012967	3957278	3959379	231	173
NC_012967	3959391	3960466	95	116
NC_012967	3960474	3960753	19	20
NC_012967	3960758	3961406	38	45
NC_012967	3961420	3966130	414	490
NC_012967	3966132	3966807	45	43
NC_012967	3966816	3971800	461	406
NC_012967	3971803	3975099	278	328
NC_012967	3975104	3976909	158	164
NC_012967	3976914	3988365	1235	1091
NC_012967	3988373	3988674	22	22
NC_012967	3988676	3999168	1124	1050
NC_012967	3999175	4000704	157	161
NC_012967	4000706	4003778	278	260
NC_012967	4003785	4006573	215	259
NC_012967	4006576	4012458	567	535
NC_012967	4012476	4012809	21	16
NC_012967	4012814	4013610	67	64
NC_012967	4013620	4013656	1	0
NC_012967	4015450	4015508	0	3
NC_012967	4015573	4015629	2	4
NC_012967	4015677	4015734	2	1
NC_012967	4016008	4016063	0	3
NC_012967	4016124	4016170	0	3
NC_012967	4017230	4017266	0	1
NC_012967	4017338	4017395	0	2
NC_012967	4017459	4017541	4	4
NC_012967	4017577	4017795	25	5
NC_012967	4017804	4017849	1	1
NC_012967	4017866	4018254	27	19
NC_012967	4019010	4019077	1	2
NC_012967	4019083	4025585	667	745
NC_012967	4025589	4028859	309	306
NC_012967	4028861	4030293	142	109
NC_012967	4030307	4034148	382	342
NC_012967	4034152	4044975	1267	1175
NC_012967	4044978	4046197	90	107
NC_012967	4046199	4049446	294	310
NC_012967	4049453	4052115	289	215
NC_012967	4052121	4052635	44	43
NC_012967	4052637	4054120	138	106
NC_012967	4054122	4056185	242	196
NC_012967	4056189	4056549	35	26
NC_012967	4056558	4059284	255	245
NC_012967	4059298	4063443	441	418
NC_012967	4063444	4069533	573	504
NC_012967	4069538	4070692	76	92
NC_012967	4070742	4073785	329	258
NC_012967	4073797	4073890	7	6
NC_012967	4073897	4074199	20	20
NC_012967	4074202	4079472	577	518
NC_012967	4079481	4081419	211	198
NC_012967	4081424	4082066	55	62
NC_012967	4082071	4086007	385	388
NC_012967	4086011	4088985	258	255
NC_012967	4088989	4102671	1349	1257
NC_012967	4102672	4103365	58	48
NC_012967	4103375	4105181	154	151
NC_012967	4105185	4105567	27	16
NC_012967	4105570	4106783	136	122
NC_012967	4106787	4111161	402	363
NC_012967	4111162	4114286	283	291
NC_012967	4114312	4116487	186	173
NC_012967	4116491	4116647	11	9
NC_012967	4116649	4117015	27	22
NC_012967	4117022	4117125	4	5
NC_012967	4117128	4118299	87	99
NC_012967	4118306	4118652	24	19
NC_012967	4118661	4123453	447	345
NC_012967	4123454	4134572	1094	924
NC_012967	4134576	4136118	156	131
NC_012967	4136127	4143397	716	668
NC_012967	4143399	4144772	120	109
NC_012967	4144781	4146283	153	143
NC_012967	4147960	4147996	0	1
NC_012967	4148040	4148076	0	1
NC_012967	4148079	4148427	15	20
NC_012967	4148439	4148524	3	6
NC_012967	4149994	4150057	1	1
NC_012967	4150082	4150174	5	4
NC_012967	4150196	4150258	4	1
NC_012967	4151410	4151446	1	0
NC_012967	4151448	4152813	134	167
NC_012967	4152821	4153092	15	22
NC_012967	4153096	4154661	163	163
NC_012967	4154662	4155099	40	36
NC_012967	4155105	4155992	85	68
NC_012967	4156005	4156068	5	5
NC_012967	4156125	4156174	2	0
NC_012967	4156366	4156420	2	0
NC_012967	4156472	4156529	3	2
NC_012967	4156568	4157241	61	51
NC_012967	4157252	4161754	487	419
NC_012967	4161757	4163605	232	250
NC_012967	4163612	4164471	89	70
NC_012967	4164478	4164555	4	7
NC_012967	4164559	4172085	831	747
NC_012967	4172090	4174363	204	179
NC_012967	4174364	4175312	90	86
NC_012967	4175326	4177129	162	170
NC_012967	4177141	4177229	7	4
NC_012967	4177238	4180091	249	220
NC_012967	4180098	4182737	225	206
NC_012967	4182742	4183009	20	25
NC_012967	4183014	4184129	90	71
NC_012967	4184135	4187611	332	262
NC_012967	4192743	4197181	405	462
NC_012967	4197188	4197806	56	55
NC_012967	4197822	4198549	60	57
NC_012967	4198576	4198689	8	5
NC_012967	4198693	4199007	33	15
NC_012967	4199008	4203091	387	439
NC_012967	4203098	4204199	58	85
NC_012967	4204205	4212446	846	676
NC_012967	4212455	4214366	205	186
NC_012967	4214370	4214589	18	11
NC_012967	4214590	4214916	13	18
NC_012967	4214936	4215511	41	39
NC_012967	4215518	4218565	307	241
NC_012967	4218570	4219804	133	93
NC_012967	4219805	4229203	930	861
NC_012967	4229207	4230329	89	79
NC_012967	4230330	4230391	2	5
NC_012967	4230418	4231129	82	62
NC_012967	4231133	4235839	451	418
NC_012967	4235847	4237892	236	206
NC_012967	4237899	4238875	96	102
NC_012967	4238883	4242204	356	322
NC_012967	4242229	4244767	206	225
NC_012967	4244768	4245442	62	34
NC_012967	4245445	4245584	9	6
NC_012967	4245585	4246075	45	40
NC_012967	4246095	4247400	96	131
NC_012967	4247411	4247719	20	24
NC_012967	4247721	4248222	32	39
NC_012967	4248223	4251876	319	314
NC_012967	4251889	4251928	2	1
NC_012967	4251938	4252016	5	1
NC_012967	4252022	4253496	104	145
NC_012967	4253503	4254635	115	99
NC_012967	4254636	4258788	436	360
NC_012967	4258789	4259138	35	25
NC_012967	4259139	4259238	3	6
NC_012967	4259240	4261263	185	168
NC_012967	4261264	4261343	5	2
NC_012967	4261349	4261387	0	2
NC_012967	4261389	4264089	226	191
NC_012967	4264104	4265243	70	83
NC_012967	4265244	4265841	52	47
NC_012967	4265853	4266908	101	122
NC_012967	4266923	4267015	7	6
NC_012967	4267025	4267129	10	8
NC_012967	4267140	4267235	8	6
NC_012967	4267240	4267947	73	69
NC_012967	4267954	4268809	81	87
NC_012967	4268813	4273573	432	418
NC_012967	4273578	4275072	141	135
NC_012967	4275098	4275158	0	4
NC_012967	4275174	4275726	55	41
NC_012967	4275763	4275824	2	3
NC_012967	4275847	4275941	4	2
NC_012967	4275942	4286135	987	830
NC_012967	4286136	4286662	45	45
NC_012967	4286679	4293720	684	634
NC_012967	4293730	4294779	82	59
NC_012967	4294783	4295584	33	41
NC_012967	4295588	4296048	42	27
NC_012967	4296056	4297449	117	92
NC_012967	4297467	4298408	92	93
NC_012967	4298409	4298492	8	2
NC_012967	4298505	4298869	33	21
NC_012967	4298870	4299055	16	5
NC_012967	4299058	4300255	80	76
NC_012967	4300257	4301390	84	91
NC_012967	4301394	4301712	17	23
NC_012967	4301713	4304787	283	246
NC_012967	4304829	4304879	1	1
NC_012967	4304932	4304961	0	1
NC_012967	4304976	4305000	0	1
NC_012967	4305002	4309883	463	452
NC_012967	4309897	4311278	126	145
NC_012967	4311280	4313452	210	207
NC_012967	4313458	4314480	87	82
NC_012967	4314503	4314835	16	22
NC_012967	4314861	4317692	300	262
NC_012967	4317695	4318677	83	85
NC_012967	4318685	4319873	93	114
NC_012967	4319880	4325406	553	517
NC_012967	4325435	4325529	5	6
NC_012967	4325530	4327310	172	165
NC_012967	4327313	4341445	1467	1472
NC_012967	4341448	4347916	726	616
NC_012967	4347921	4348323	26	37
NC_012967	4348325	4351372	360	294
NC_012967	4351373	4354124	263	254
NC_012967	4354126	4355459	114	128
NC_012967	4355464	4355515	2	3
NC_012967	4355517	4356012	47	41
NC_012967	4356041	4364571	866	848
NC_012967	4364579	4365892	129	102
NC_012967	4365893	4367464	134	109
NC_012967	4367469	4370103	242	255
NC_012967	4370124	4370645	21	42
NC_012967	4370654	4371946	141	109
NC_012967	4371955	4375349	291	243
NC_012967	4375356	4375636	23	20
NC_012967	4375643	4376696	87	68
NC_012967	4376717	4376802	4	3
NC_012967	4376808	4377063	16	18
NC_012967	4377067	4379083	196	164
NC_012967	4379092	4379908	60	77
NC_012967	4379916	4380385	53	21
NC_012967	4380399	4383646	306	302
NC_012967	4383656	4384026	33	38
NC_012967	4384038	4387168	280	297
NC_012967	4387173	4388232	90	92
NC_012967	4388235	4393141	451	430
NC_012967	4393153	4395203	232	193
NC_012967	4395207	4397186	188	232
NC_012967	4397193	4399959	318	268
NC_012967	4399966	4402085	211	169
NC_012967	4402092	4409986	823	749
NC_012967	4409992	4411182	120	87
NC_012967	4411197	4413258	186	169
NC_012967	4413278	4418005	463	462
NC_012967	4418010	4419361	112	129
NC_012967	4419382	4419467	4	5
NC_012967	4419470	4423087	330	354
NC_012967	4423088	4426416	307	364
NC_012967	4426437	4426476	1	1
NC_012967	4426490	4427975	112	119
NC_012967	4427977	4432060	455	405
NC_012967	4432069	4435111	289	278
NC_012967	4435114	4436565	132	120
NC_012967	4436578	4439457	284	276
NC_012967	4439460	4440906	131	148
NC_012967	4440915	4442226	107	125
NC_012967	4442228	4442476	16	17
NC_012967	4442478	4442567	7	3
NC_012967	4442569	4444248	153	125
NC_012967	4444251	4450373	625	548
NC_012967	4450381	4451254	86	79
NC_012967	4451258	4456296	504	474
NC_012967	4456301	4456669	44	36
NC_012967	4456670	4457745	69	82
NC_012967	4457754	4459285	136	140
NC_012967	4459290	4460208	71	55
NC_012967	4460216	4464048	383	393
NC_012967	4464049	4464124	3	5
NC_012967	4464125	4469608	547	526
NC_012967	4469611	4470919	153	145
NC_012967	4470925	4475820	484	464
NC_012967	4475829	4480444	473	461
NC_012967	4480458	4481387	80	88
NC_012967	4481402	4484650	326	297
NC_012967	4484653	4487996	311	306
NC_012967	4487999	4489612	124	155
NC_012967	4489751	4494086	372	480
NC_012967	4494087	4494167	3	5
NC_012967	4494320	4494356	2	0
NC_012967	4494358	4498236	417	344
NC_012967	4498240	4500569	192	228
NC_012967	4500592	4501505	76	65
NC_012967	4501508	4501691	18	9
NC_012967	4501700	4505427	389	348
NC_012967	4505428	4505457	0	1
NC_012967	4505981	4510242	411	373
NC_012967	4510250	4513763	315	307
NC_012967	4513776	4519823	630	655
NC_012967	4519833	4521696	207	177
NC_012967	4522184	4528764	584	642
NC_012967	4528775	4533987	510	481
NC_012967	4533988	4536440	254	200
NC_012967	4536459	4538927	265	247
NC_012967	4538942	4541404	207	192
NC_012967	4541407	4542598	103	93
NC_012967	4542601	4544720	217	188
NC_012967	4544724	4545363	37	60
NC_012967	4545364	4545572	11	17
NC_012967	4545580	4546030	50	30
NC_012967	4546043	4546079	0	1
NC_012967	4546085	4546427	19	30
NC_012967	4546443	4547916	118	120
NC_012967	4547919	4548506	46	26
NC_012967	4548507	4549069	43	47
NC_012967	4549080	4550721	153	170
NC_012967	4550736	4550798	1	5
NC_012967	4551312	4551814	63	56
NC_012967	4551819	4552116	20	22
NC_012967	4552120	4558733	587	639
NC_012967	4558736	4560846	185	161
NC_012967	4560863	4561605	40	45
NC_012967	4561606	4561919	17	30
NC_012967	4561922	4568693	651	627
NC_012967	4568697	4568801	7	6
NC_012967	4568834	4572759	378	330
NC_012967	4572766	4574419	171	145
NC_012967	4574443	4574545	3	4
NC_012967	4574556	4575262	66	50
NC_012967	4575277	4575391	8	6
NC_012967	4575406	4578509	267	231
NC_012967	4578517	4579332	77	74
NC_012967	4579336	4585696	559	562
NC_012967	4585697	4588998	303	294
NC_012967	4589000	4589333	13	39
NC_012967	4589335	4591462	230	207
NC_012967	4591470	4593239	188	152
NC_012967	4593257	4594393	98	124
NC_012967	4594397	4599792	496	489
NC_012967	4599804	4600779	88	105
NC_012967	4600791	4603675	238	203
NC_012967	4603695	4603793	2	9
NC_012967	4603810	4604854	91	101
NC_012967	4604857	4605222	24	17
NC_012967	4605230	4609345	391	338
NC_012967	4609349	4609693	19	12
NC_012967	4609699	4611317	132	128
NC_012967	4611318	4612884	112	103
NC_012967	4612906	4613382	43	32
NC_012967	4613394	4613501	6	6
NC_012967	4613503	4616910	333	269
NC_012967	4616920	4617635	57	64
NC_012967	4617640	4618116	56	46
NC_012967	4618117	4622147	406	347
NC_012967	4622148	4622428	16	28
NC_012967	4622433	4629805	731	649
